nr_runs	nr_files	mFDR	IP/PPs	target_PSM	decoy_PSM	FP_PSM	TP_PSM	target_pepID	decoy_pepID	FP_pepID	FP_pepID_stdev	TP_pepID	pepFDR	target_protID	decoy_protID	FP_protID	FP_protID_stdev	TP_protID	protFDR	target_protIDs	decoy_protIDs	FP_protIDs	TP_protIDs	protFDRs	target_protIDns	decoy_protIDns	FP_protIDns	TP_protIDns	protFDRns
19	1	0	1	0	0	0	0	0	0	0	0.00000000	0	0.00000000	0	0	0	0.00000000	0	0.00000000	0	0	0	0	0.00000000	0	0	0	0	0.00000000
19	1	0.0002	0.999919	162826	32	32	162794	4102	4	4	0.05418722	4098	0.00097442	204	4	4	0.19859368	200	0.01941258	6	0	0	6	0.00000000	198	4	4	194	0.02000084
19	1	0.0004	0.998761	171218	68	68	171150	4383	6	6	0.06858524	4377	0.00136785	254	6	6	0.25495257	248	0.02336334	11	0	0	11	0.00000000	243	6	6	237	0.02442094
19	1	0.0006	0.991459	175092	104	104	174988	4600	8	8	0.08111519	4592	0.00173770	315	6	6	0.29034786	309	0.01877622	49	0	0	49	0.00000000	266	6	6	260	0.02223500
19	1	0.0008	0.977084	176220	140	140	176080	4669	8	8	0.08172170	4661	0.00171200	320	6	6	0.29191940	314	0.01847990	52	0	0	52	0.00000000	268	6	6	262	0.02206555
19	1	0.001	0.95183	176894	176	176	176718	4707	12	12	0.10045231	4695	0.00254725	322	10	10	0.36262030	312	0.03064273	49	2	2	47	0.04027330	273	8	8	265	0.02891417
19	1	0.0012	0.908066	177424	212	212	177212	4754	14	14	0.10901911	4740	0.00294239	329	12	12	0.40975429	317	0.03595752	51	1	1	50	0.01933010	278	11	11	267	0.03900787
19	1	0.0014	0.876722	177667	248	248	177419	4773	16	16	0.11675496	4757	0.00334933	333	13	13	0.43687513	320	0.03845834	54	0	0	54	0.00000000	279	13	13	266	0.04590189
19	1	0.0016	0.833631	177893	284	284	177609	4796	19	19	0.12749774	4777	0.00395824	337	14	14	0.44973590	323	0.04093526	53	1	1	52	0.01859189	284	13	13	271	0.04510497
19	1	0.0018	0.76529	178190	320	320	177870	4825	20	20	0.13119234	4805	0.00414151	342	14	14	0.46040508	328	0.04030765	56	0	0	56	0.00000000	286	14	14	272	0.04820006
19	1	0.002	0.681433	178481	356	356	178125	4859	22	22	0.13805266	4837	0.00452375	351	15	15	0.48846884	336	0.04204565	61	1	1	60	0.01612899	290	14	14	276	0.04749708
19	1	0.0022	0.583513	178742	393	393	178349	4892	27	27	0.15337965	4865	0.00551440	355	17	17	0.52365187	338	0.04710408	56	3	3	53	0.05269521	299	14	14	285	0.04605691
19	1	0.0024	0.532458	178863	429	429	178434	4913	28	28	0.15651459	4885	0.00569418	363	17	17	0.54392314	346	0.04600450	63	1	1	62	0.01559256	300	16	16	284	0.05239100
19	1	0.0026	0.48384	179029	465	465	178564	4926	37	37	0.17999272	4889	0.00750458	369	24	24	0.65089626	345	0.06387503	62	6	6	56	0.09503986	307	18	18	289	0.05758115
19	1	0.0028	0.433887	179169	501	501	178668	4943	38	38	0.18270678	4905	0.00768088	373	24	24	0.66382816	349	0.06314287	61	4	4	57	0.06435052	312	20	20	292	0.06290676
19	1	0.003	0.397337	179289	537	537	178752	4953	43	43	0.19445472	4910	0.00867397	376	26	26	0.69487842	350	0.06784378	58	4	4	54	0.06766382	318	22	22	296	0.06787660
19	1	0.0032	0.361332	179407	574	574	178833	4970	49	49	0.20781083	4921	0.00985046	380	30	29	0.74312699	351	0.07747161	59	7	7	52	0.11642626	321	23	23	298	0.07031172
19	1	0.0034	0.320176	179541	610	610	178931	4982	53	53	0.21630209	4929	0.01062890	384	32	31	0.76897167	353	0.08176954	62	7	7	55	0.11078454	322	25	25	297	0.07618281
19	1	0.0036	0.292759	179648	646	646	179002	4992	59	59	0.22831015	4933	0.01180846	385	36	35	0.80646890	350	0.09179405	60	7	7	53	0.11453008	325	29	28	297	0.08759663
19	1	0.0038	0.265835	179751	683	683	179068	5002	61	61	0.23233561	4941	0.01218432	389	38	37	0.83157990	352	0.09588466	61	9	9	52	0.14481975	328	29	28	300	0.08678392
19	1	0.004	0.243455	179834	719	719	179115	5009	65	65	0.23990511	4944	0.01296514	390	40	39	0.85217187	351	0.10067670	61	9	9	52	0.14482590	329	31	30	299	0.09249098
19	1	0.0042	0.226616	179911	755	755	179156	5015	71	71	0.25073356	4944	0.01414498	391	44	43	0.88376994	348	0.11050872	59	13	13	46	0.21637744	332	31	30	302	0.09169470
19	1	0.0044	0.205787	179999	791	791	179208	5027	75	75	0.25790807	4952	0.01490619	395	47	46	0.91785219	349	0.11682723	60	16	16	44	0.26182557	335	31	30	305	0.09085738
19	1	0.0046	0.193381	180068	828	828	179240	5033	81	81	0.26802622	4952	0.01607950	397	52	51	0.95533611	346	0.12865518	60	17	17	43	0.27829929	337	35	34	303	0.10201231
19	1	0.0048	0.171362	180182	864	864	179318	5042	84	84	0.27310981	4958	0.01664525	400	52	51	0.96231048	349	0.12765571	62	13	13	49	0.20589631	338	39	38	300	0.11330388
19	1	0.005	0.156777	180264	901	901	179363	5055	87	87	0.27822399	4968	0.01719536	402	54	53	0.97574146	349	0.13193139	62	13	13	49	0.20593592	340	41	40	300	0.11843645
19	1	0.0052	0.140859	180340	937	937	179403	5066	87	87	0.27853150	4979	0.01715799	406	54	53	0.98382560	353	0.13059143	63	9	9	54	0.14026487	343	45	44	299	0.12881468
19	1	0.0054	0.126156	180439	974	974	179465	5084	90	90	0.28371917	4994	0.01768675	410	57	56	1.01072248	354	0.13650340	65	11	11	54	0.16616204	345	46	45	300	0.13091554
19	1	0.0056	0.113559	180528	1010	1010	179518	5093	99	99	0.29756765	4994	0.01942104	411	62	61	1.04083385	350	0.14818743	62	15	15	47	0.23766272	349	47	46	303	0.13229211
19	1	0.0058	0.102137	180618	1047	1047	179571	5102	101	101	0.30076880	5001	0.01977841	417	62	61	1.06362104	356	0.14593693	67	14	14	53	0.20509865	350	48	47	303	0.13461168
19	1	0.006	0.0949485	180672	1084	1084	179588	5106	105	105	0.30666701	5001	0.02054561	420	64	63	1.08301200	357	0.14955713	69	16	16	53	0.22758694	351	48	47	304	0.13421794
19	1	0.0062	0.087488	180741	1120	1120	179621	5108	107	107	0.30957398	5001	0.02092875	421	65	64	1.08794931	357	0.15155270	67	15	15	52	0.21976011	354	50	49	305	0.13864338
19	1	0.0064	0.0799373	180812	1157	1157	179655	5112	109	109	0.31251632	5003	0.02130326	425	65	64	1.09776245	361	0.15007443	70	15	15	55	0.21026911	355	50	49	306	0.13820505
19	1	0.0066	0.0728848	180876	1193	1193	179683	5119	115	115	0.32103486	5004	0.02244517	428	69	68	1.12844846	360	0.15820754	72	18	18	54	0.24533633	356	51	50	306	0.14058598
19	1	0.0068	0.0676616	180937	1230	1230	179707	5126	120	120	0.32800538	5006	0.02338906	433	72	71	1.14301414	362	0.16323266	75	20	20	55	0.26177683	358	52	51	307	0.14258794
19	1	0.007	0.063311	180977	1266	1266	179711	5131	122	122	0.33082655	5009	0.02375569	436	73	72	1.15349671	364	0.16434685	76	19	19	57	0.24539462	360	54	53	307	0.14723677
19	1	0.0072	0.0589389	181022	1303	1303	179719	5140	126	126	0.33637401	5014	0.02449159	442	77	76	1.20460997	366	0.17088686	81	23	23	58	0.27853708	361	54	53	308	0.14673265
19	1	0.0074	0.0549643	181069	1339	1339	179730	5147	129	129	0.34049067	5018	0.02504060	447	80	78	1.22771661	369	0.17556226	85	26	26	59	0.30005655	362	54	53	309	0.14633017
19	1	0.0076	0.051114	181121	1376	1376	179745	5154	133	133	0.34583277	5021	0.02578197	451	84	82	1.26841985	369	0.18264456	88	27	26	62	0.30087430	363	57	56	307	0.15398281
19	1	0.0078	0.0463723	181166	1413	1413	179753	5160	136	136	0.34981592	5024	0.02633285	454	87	85	1.29984779	369	0.18786455	86	28	27	59	0.31918393	368	59	58	310	0.15717578
19	1	0.008	0.0432067	181199	1449	1449	179750	5164	140	140	0.35492324	5024	0.02708635	457	91	89	1.33634505	368	0.19516958	88	31	30	58	0.34527566	369	60	59	310	0.15937193
19	1	0.0082	0.0401565	181239	1486	1486	179753	5169	147	147	0.36361624	5022	0.02841317	461	98	96	1.36941047	365	0.20847188	89	36	35	54	0.39667499	372	62	61	311	0.16344479
19	1	0.0084	0.0367065	181293	1522	1522	179771	5177	150	150	0.36749067	5027	0.02894820	465	101	99	1.38637988	366	0.21303020	92	38	37	55	0.40510585	373	63	62	311	0.16565497
19	1	0.0086	0.0331173	181358	1559	1559	179799	5187	158	158	0.37723861	5029	0.03043331	473	109	107	1.44211403	366	0.22600606	98	43	42	56	0.43032553	375	66	65	310	0.17261057
19	1	0.0088	0.0298862	181420	1596	1596	179824	5193	166	166	0.38659478	5027	0.03193730	477	116	114	1.47426589	363	0.23859165	98	49	48	50	0.49055267	379	67	66	313	0.17344079
19	1	0.009	0.0275667	181474	1633	1633	179841	5204	172	172	0.39371527	5032	0.03302169	483	122	120	1.51868662	363	0.24777522	101	50	49	52	0.48561690	382	72	71	311	0.18489037
19	1	0.0092	0.0245443	181537	1670	1670	179867	5216	181	181	0.40400552	5035	0.03466960	489	130	128	1.55855434	361	0.26084884	101	55	54	47	0.53431299	388	75	74	314	0.18966358
19	1	0.0094	0.021994	181626	1707	1707	179919	5230	186	186	0.40991353	5044	0.03553190	497	134	131	1.59752776	366	0.26444909	102	50	49	53	0.48079894	395	84	82	313	0.20858153
19	1	0.0096	0.020144	181692	1744	1744	179948	5241	194	194	0.41876101	5047	0.03698235	506	140	137	1.63742668	369	0.27134970	108	52	51	57	0.47220590	398	88	86	312	0.21684600
19	1	0.0098	0.0189073	181721	1780	1780	179941	5245	197	197	0.42202842	5048	0.03752559	508	143	140	1.64047556	368	0.27617025	108	53	52	56	0.48145608	400	90	88	312	0.22074307
19	1	0.01	0.0178439	181762	1817	1817	179945	5250	202	202	0.42735093	5048	0.03844137	511	148	145	1.67689345	366	0.28409614	111	53	52	59	0.46835743	400	95	93	307	0.23296364
19	1	0.0102	0.0166475	181800	1854	1854	179946	5261	214	214	0.43981883	5047	0.04063988	520	160	157	1.74682692	363	0.30179799	118	63	62	56	0.52367066	402	97	95	307	0.23667118
19	1	0.0104	0.0149711	181850	1891	1891	179959	5276	220	220	0.44633936	5056	0.04166046	531	165	162	1.79076871	369	0.30467321	124	63	62	62	0.49815410	407	102	100	307	0.24572571
19	1	0.0106	0.0138742	181898	1928	1928	179970	5279	225	225	0.45129412	5054	0.04258309	532	170	167	1.80157960	365	0.31343292	124	64	63	61	0.50625067	408	106	104	304	0.25483145
19	1	0.0108	0.0129383	181953	1965	1965	179988	5297	231	231	0.45781422	5066	0.04356999	547	176	173	1.85650256	374	0.31544354	135	65	64	71	0.47203683	412	111	109	303	0.26413263
19	1	0.011	0.0120052	182000	2002	2002	179998	5310	237	237	0.46404216	5073	0.04459218	557	181	177	1.89701980	380	0.31848763	142	66	65	77	0.45553817	415	115	113	302	0.27159322
19	1	0.0112	0.0112229	182043	2038	2038	180005	5323	244	244	0.47112387	5079	0.04579708	566	188	184	1.93328296	382	0.32555004	151	67	66	85	0.43488476	415	121	119	296	0.28576801
19	1	0.0114	0.0101166	182129	2076	2076	180053	5335	254	254	0.48077650	5081	0.04756676	577	198	194	1.96570404	383	0.33645886	157	75	74	83	0.46838632	420	123	121	299	0.28714312
19	1	0.0116	0.0095069	182181	2113	2113	180068	5344	258	258	0.48478579	5086	0.04823443	584	202	198	1.98232764	386	0.33916372	159	76	75	84	0.46869179	425	126	124	301	0.29070499
19	1	0.0118	0.00891152	182240	2150	2150	180090	5355	266	266	0.49239017	5089	0.04962789	592	210	206	2.05076721	386	0.34763172	161	82	80	81	0.49912553	431	128	125	306	0.29104122
19	1	0.012	0.00822233	182300	2187	2187	180113	5369	274	274	0.50003458	5095	0.05098710	602	218	214	2.09089498	388	0.35487588	167	86	84	83	0.50465951	435	132	129	306	0.29737274
19	1	0.0122	0.00780616	182352	2224	2224	180128	5384	286	286	0.51101823	5098	0.05307181	616	229	224	2.14905759	392	0.36427188	175	95	93	82	0.53193238	441	134	131	310	0.29773993
19	1	0.0124	0.00735292	182398	2261	2261	180137	5394	296	296	0.51987629	5098	0.05482564	624	239	234	2.20238337	390	0.37526784	176	103	101	75	0.57339327	448	136	133	315	0.29743285
19	1	0.0126	0.00697966	182425	2298	2298	180127	5398	307	307	0.52908587	5091	0.05682101	628	250	245	2.23749857	383	0.39015448	177	106	104	73	0.58693341	451	144	141	310	0.31292639
19	1	0.0128	0.00662081	182475	2335	2335	180140	5411	316	316	0.53699664	5095	0.05834622	637	258	253	2.26364298	384	0.39702547	182	111	109	73	0.59784649	455	147	144	311	0.31669706
19	1	0.013	0.00629852	182529	2372	2372	180157	5424	326	326	0.54558860	5098	0.06004832	645	268	263	2.32145481	382	0.40720146	184	119	117	67	0.63381627	461	149	146	315	0.31675216
19	1	0.0132	0.00597132	182569	2409	2409	180160	5432	335	335	0.55301517	5097	0.06161523	649	277	272	2.32872943	377	0.41851775	185	123	121	64	0.65194685	464	154	151	313	0.32544796
19	1	0.0134	0.00571121	182616	2447	2447	180169	5439	345	345	0.56104443	5094	0.06337286	655	285	280	2.33578577	375	0.42686158	187	125	123	64	0.65577056	468	160	157	311	0.33539582
19	1	0.0136	0.00534467	182683	2484	2484	180199	5461	356	356	0.57053389	5105	0.06512987	673	293	287	2.43560599	386	0.42664117	202	129	126	76	0.62581871	471	164	161	310	0.34121895
19	1	0.0138	0.00516189	182721	2521	2521	180200	5467	363	363	0.57606012	5104	0.06633764	677	300	294	2.43083740	383	0.43450326	201	133	130	71	0.64880777	476	167	164	312	0.34400913
19	1	0.014	0.00494344	182760	2558	2558	180202	5474	374	374	0.58449541	5100	0.06826052	681	309	303	2.44190430	378	0.44509999	203	138	135	68	0.66685170	478	171	168	310	0.35092510
19	1	0.0142	0.00468759	182816	2595	2595	180221	5485	387	387	0.59445189	5098	0.07049158	691	321	315	2.46933381	376	0.45584511	206	147	144	62	0.70022954	485	174	171	314	0.35204471
19	1	0.0144	0.00450595	182850	2633	2633	180217	5498	396	396	0.60156097	5102	0.07196032	702	328	322	2.54486866	380	0.45815373	216	152	149	67	0.69002422	486	176	173	313	0.35510018
19	1	0.0146	0.00431542	182902	2670	2670	180232	5515	405	405	0.60883570	5110	0.07336881	718	337	330	2.66145005	388	0.45965356	225	157	154	71	0.68334859	493	180	176	317	0.35756150
19	1	0.0148	0.00414965	182951	2707	2707	180244	5524	414	414	0.61556437	5110	0.07487704	727	345	338	2.71873962	389	0.46455913	226	162	159	67	0.70171845	501	183	179	322	0.35757709
19	1	0.015	0.00397886	182989	2744	2744	180245	5532	425	425	0.62350687	5107	0.07675541	733	355	348	2.74678522	385	0.47420359	223	168	164	59	0.73764071	510	187	183	327	0.35901442
19	1	0.0152	0.00382516	183030	2782	2782	180248	5537	436	436	0.63115481	5101	0.07867100	736	365	358	2.74153157	378	0.48591174	221	170	167	54	0.75370082	515	195	191	324	0.37099643
19	1	0.0154	0.00365607	183074	2819	2819	180255	5546	443	443	0.63632661	5103	0.07980432	745	370	362	2.77138232	383	0.48653340	226	171	168	58	0.74123323	519	199	195	324	0.37562365
19	1	0.0156	0.00348313	183114	2856	2856	180258	5563	450	450	0.64196251	5113	0.08081746	755	377	369	2.77785515	386	0.48932862	230	174	171	59	0.74135742	525	203	199	326	0.37891601
19	1	0.0158	0.00333093	183154	2893	2893	180261	5581	464	464	0.65212839	5117	0.08306296	767	390	382	2.79652563	385	0.49849787	239	183	179	60	0.75066688	528	207	203	325	0.38435319
19	1	0.016	0.00319602	183201	2931	2931	180270	5598	476	476	0.66083095	5122	0.08495229	782	400	392	2.83620975	390	0.50144795	249	185	181	68	0.72835818	533	215	211	322	0.39544298
19	1	0.0162	0.00311049	183223	2968	2968	180255	5603	490	490	0.66989164	5113	0.08737299	787	412	404	2.82526425	383	0.51360106	252	193	189	63	0.75138098	535	219	215	320	0.40160006
19	1	0.0164	0.00296373	183270	3005	3005	180265	5624	505	505	0.68046808	5119	0.08971134	806	426	418	2.91606969	388	0.51824061	269	205	201	68	0.74723716	537	221	217	320	0.40352911
19	1	0.0166	0.00280942	183327	3043	3043	180284	5640	517	517	0.68877552	5123	0.09158248	821	438	429	3.00118877	392	0.52280136	276	214	210	66	0.75981952	545	224	220	325	0.40277014
19	1	0.0168	0.00273662	183361	3080	3080	180281	5656	536	536	0.70111498	5120	0.09467964	837	451	442	3.04280949	395	0.52805796	289	227	222	67	0.76976564	548	224	220	328	0.40058803
19	1	0.017	0.00261798	183401	3117	3117	180284	5668	551	550	0.71065151	5118	0.09712325	843	465	456	3.01634991	387	0.54109537	290	237	232	58	0.80167583	553	228	224	329	0.40444378
19	1	0.0172	0.0025238	183441	3155	3155	180286	5681	561	560	0.71728249	5121	0.09865958	853	473	464	3.09300465	389	0.54360555	298	237	232	66	0.77965749	555	236	231	324	0.41686055
19	1	0.0174	0.00243247	183477	3192	3192	180285	5698	576	575	0.72695230	5123	0.10099528	868	484	474	3.16955749	394	0.54635817	307	246	241	66	0.78514260	561	238	233	328	0.41568648
19	1	0.0176	0.00234447	183518	3229	3229	180289	5709	587	586	0.73386231	5123	0.10272570	878	495	485	3.14102725	393	0.55286365	311	253	248	63	0.79775123	567	242	237	330	0.41854259
19	1	0.0178	0.00226302	183553	3267	3267	180286	5722	597	596	0.74030466	5126	0.10423829	890	504	494	3.17100183	396	0.55531640	319	255	250	69	0.78387979	571	249	244	327	0.42762512
19	1	0.018	0.00217879	183594	3304	3304	180290	5739	606	605	0.74644643	5134	0.10549614	905	513	503	3.19728506	402	0.55587263	332	258	253	79	0.76205817	573	255	250	323	0.43640736
19	1	0.0182	0.00210709	183627	3341	3341	180286	5754	613	612	0.75133031	5142	0.10643640	918	520	510	3.26602351	408	0.55516591	340	263	258	82	0.75812176	578	257	252	326	0.43578012
19	1	0.0184	0.00203921	183668	3379	3379	180289	5769	626	625	0.75940459	5144	0.10841096	930	531	520	3.32963196	410	0.55940777	351	266	261	90	0.74249143	579	265	260	319	0.44841924
19	1	0.0186	0.0019915	183702	3416	3416	180286	5779	637	636	0.76597473	5143	0.11012507	937	540	529	3.35523084	408	0.56466825	352	268	263	89	0.74598712	585	272	267	318	0.45556698
19	1	0.0188	0.00193644	183732	3454	3454	180278	5790	648	647	0.77256154	5143	0.11181393	948	549	538	3.41231482	410	0.56722098	359	272	266	93	0.74210052	589	277	271	318	0.46063057
19	1	0.019	0.00187296	183769	3491	3491	180278	5807	666	665	0.78314451	5142	0.11458347	960	566	554	3.47349874	406	0.57744575	369	283	277	92	0.75114894	591	283	277	314	0.46899147
19	1	0.0192	0.00182163	183801	3528	3528	180273	5820	681	680	0.79176285	5140	0.11690251	972	579	567	3.52316995	405	0.58335435	379	289	283	96	0.74675609	593	290	284	309	0.47892052
19	1	0.0194	0.0017665	183842	3566	3566	180276	5831	696	695	0.80012613	5136	0.11925215	982	590	578	3.57307743	404	0.58828913	383	294	288	95	0.75162091	599	296	290	309	0.48385495
19	1	0.0196	0.00171187	183884	3604	3604	180280	5840	710	709	0.80774224	5131	0.12146353	988	601	589	3.55554997	399	0.59598194	382	301	295	87	0.77200249	606	300	294	312	0.48502508
19	1	0.0198	0.0016551	183929	3641	3641	180288	5862	725	724	0.81678840	5138	0.12356403	1007	615	603	3.59175914	404	0.59839488	398	312	306	92	0.76809289	609	303	297	312	0.48749207
19	1	0.02	0.00160377	183972	3679	3679	180293	5881	737	736	0.82408233	5145	0.12520326	1024	627	614	3.64601205	410	0.59980950	413	322	315	98	0.76375062	611	305	299	312	0.48899496
19	1	0.0202	0.00155074	184030	3717	3717	180313	5905	749	748	0.83173333	5157	0.12672442	1042	638	625	3.70465629	417	0.59961517	423	324	317	106	0.75010886	619	314	308	311	0.49677377
19	1	0.0204	0.00150847	184072	3755	3755	180317	5922	762	761	0.83924721	5161	0.12855372	1055	651	638	3.74348720	417	0.60430598	432	333	326	106	0.75489900	623	318	311	312	0.49988193
19	1	0.0206	0.00144474	184132	3793	3793	180339	5941	774	773	0.84640434	5168	0.13016042	1070	661	646	3.90376120	424	0.60412753	439	338	331	108	0.75294478	631	323	316	315	0.50059224
19	1	0.0208	0.00140202	184172	3830	3830	180342	5955	786	785	0.85310709	5170	0.13186761	1081	673	658	3.90835204	423	0.60904282	447	345	338	109	0.75504012	634	328	321	313	0.50610782
19	1	0.021	0.00136022	184213	3868	3868	180345	5970	805	804	0.86302581	5166	0.13471601	1095	691	676	3.94631144	419	0.61746233	456	361	353	103	0.77462034	639	330	323	316	0.50531201
19	1	0.0212	0.00132303	184253	3906	3906	180347	5988	826	825	0.87395984	5163	0.13781490	1109	711	696	3.92594613	413	0.62785673	462	377	369	93	0.79913817	647	334	327	320	0.50555067
19	1	0.0214	0.00128081	184315	3944	3944	180371	6010	846	845	0.88465149	5165	0.14063507	1127	727	711	4.04444460	416	0.63126671	473	387	379	94	0.80066752	654	340	333	321	0.50874899
19	1	0.0216	0.00124864	184357	3982	3982	180375	6024	857	856	0.89064426	5168	0.14213249	1140	737	721	4.14082587	419	0.63221246	483	393	384	99	0.79569355	657	344	336	321	0.51202774
19	1	0.0218	0.0012222	184385	4019	4019	180366	6036	872	871	0.89814674	5165	0.14433279	1149	750	734	4.15223044	415	0.63849645	489	401	392	97	0.80214479	660	349	341	319	0.51724791
19	1	0.022	0.0011931	184421	4057	4057	180364	6043	884	883	0.90387006	5160	0.14614966	1155	760	744	4.12820743	411	0.64400517	488	406	397	91	0.81426161	667	354	346	321	0.51943974
19	1	0.0222	0.00116181	184468	4095	4095	180373	6058	899	898	0.91150884	5160	0.14826156	1169	772	755	4.17924678	414	0.64622130	498	418	409	89	0.82134463	671	354	346	325	0.51624900
19	1	0.0224	0.00112909	184507	4132	4132	180375	6075	919	918	0.92132781	5157	0.15113589	1183	791	774	4.20076983	409	0.65451580	510	433	424	86	0.83108628	673	358	350	323	0.52071053
19	1	0.0226	0.00109938	184564	4171	4171	180393	6101	934	933	0.92980803	5168	0.15294784	1205	802	784	4.42758146	421	0.65022394	523	435	425	98	0.81257453	682	367	359	323	0.52572342
19	1	0.0228	0.00107451	184597	4208	4208	180389	6116	945	944	0.93563070	5172	0.15436951	1215	809	790	4.50785370	425	0.65008943	526	438	428	98	0.81299753	689	371	362	327	0.52572127
19	1	0.023	0.00105199	184641	4246	4246	180395	6130	961	960	0.94333856	5170	0.15662470	1225	823	804	4.53798549	421	0.65601658	530	448	437	93	0.82537862	695	375	366	329	0.52686280
19	1	0.0232	0.00103243	184677	4284	4284	180393	6146	975	974	0.95037105	5172	0.15849270	1240	835	815	4.58315209	425	0.65746503	544	456	445	99	0.81841543	696	379	370	326	0.53166471
19	1	0.0234	0.00100391	184730	4322	4322	180408	6162	993	992	0.95892139	5170	0.16099964	1253	852	832	4.61964214	421	0.66397745	555	469	458	97	0.82517235	698	383	374	324	0.53580672
19	1	0.0236	0.000977433	184777	4360	4360	180417	6178	1013	1012	0.96815918	5166	0.16381709	1263	864	844	4.64928434	419	0.66804327	554	474	463	91	0.83553140	709	390	381	328	0.53717102
19	1	0.0238	0.000954503	184820	4398	4398	180422	6196	1028	1027	0.97558635	5169	0.16575977	1279	877	856	4.69668879	423	0.66955129	565	482	471	94	0.83301609	714	395	386	328	0.54019889
19	1	0.024	0.000925952	184872	4436	4436	180436	6219	1040	1039	0.98230860	5180	0.16707418	1299	886	864	4.80119103	435	0.66545648	581	485	473	108	0.81444300	718	401	391	327	0.54489775
19	1	0.0242	0.000903886	184926	4475	4475	180451	6242	1059	1058	0.99162666	5184	0.16949951	1320	901	878	4.92782361	442	0.66539851	594	494	482	112	0.81072109	726	407	397	329	0.54649822
19	1	0.0244	0.000881723	184972	4513	4513	180459	6263	1076	1075	0.99994245	5188	0.17164288	1338	917	894	5.00724507	444	0.66791383	608	509	496	112	0.81587085	730	408	398	332	0.54468388
19	1	0.0246	0.000857514	185021	4551	4551	180470	6288	1095	1094	1.00931833	5194	0.17397909	1359	932	908	5.08907697	451	0.66809238	622	520	507	115	0.81442861	737	412	401	336	0.54459016
19	1	0.0248	0.000839972	185057	4589	4589	180468	6303	1114	1113	1.01764906	5190	0.17657681	1371	947	923	5.05897022	448	0.67340414	626	530	517	109	0.82540063	745	417	407	338	0.54568629
19	1	0.025	0.000822007	185095	4627	4627	180468	6321	1132	1131	1.02584101	5190	0.17891898	1386	962	938	5.14069192	448	0.67641764	638	538	524	114	0.82179725	748	424	413	335	0.55241739
19	1	0.0252	0.000799509	185149	4665	4665	180484	6342	1149	1148	1.03391614	5194	0.18100445	1402	974	949	5.20889249	453	0.67680588	649	545	531	118	0.81809734	753	429	418	335	0.55502877
19	1	0.0254	0.000776787	185214	4704	4704	180510	6370	1165	1164	1.04229379	5206	0.18271787	1427	988	962	5.24986434	465	0.67446705	665	554	540	125	0.81155113	762	434	423	339	0.55483331
19	1	0.0256	0.000759655	185250	4742	4742	180508	6386	1181	1180	1.04942977	5206	0.18476322	1438	1001	975	5.26348340	463	0.67830056	672	562	548	124	0.81491821	766	439	428	338	0.55844799
19	1	0.0258	0.000742464	185299	4780	4780	180519	6409	1199	1198	1.05790747	5211	0.18690592	1457	1017	990	5.39431450	467	0.67960429	685	576	561	124	0.81870345	772	441	429	343	0.55618081
19	1	0.026	0.000723093	185361	4819	4819	180542	6433	1216	1215	1.06609874	5218	0.18884853	1477	1031	1003	5.56015102	474	0.67879285	696	584	568	128	0.81594841	781	447	435	346	0.55656460
19	1	0.0262	0.000712251	185386	4857	4857	180529	6447	1235	1234	1.07388461	5213	0.19138296	1485	1047	1019	5.52612004	466	0.68617178	699	596	580	119	0.82981582	786	451	439	347	0.55842727
19	1	0.0264	0.000697718	185434	4895	4895	180539	6467	1249	1248	1.08057770	5219	0.19295369	1503	1060	1031	5.64399579	472	0.68583256	712	605	588	124	0.82631683	791	455	442	349	0.55937896
19	1	0.0266	0.000684883	185486	4933	4933	180553	6491	1272	1271	1.09059046	5220	0.19578028	1522	1080	1050	5.70228632	472	0.69003737	719	622	605	114	0.84124985	803	458	445	358	0.55464288
19	1	0.0268	0.000675405	185508	4971	4971	180537	6503	1296	1295	1.09957083	5208	0.19910658	1532	1103	1074	5.62438934	458	0.70113578	728	641	624	104	0.85745637	804	462	450	354	0.55959176
19	1	0.027	0.000661889	185553	5009	5009	180544	6523	1315	1314	1.10771163	5209	0.20140612	1547	1115	1085	5.70933554	462	0.70155849	740	644	627	113	0.84709766	807	471	458	349	0.56810251
19	1	0.0272	0.000649889	185600	5048	5048	180552	6548	1334	1333	1.11633097	5215	0.20353588	1567	1132	1102	5.72581692	465	0.70334957	756	659	642	114	0.84870628	811	473	461	350	0.56785059
19	1	0.0274	0.000643207	185624	5086	5086	180538	6558	1359	1358	1.12512774	5200	0.20703465	1573	1153	1123	5.70709061	450	0.71419606	759	675	658	101	0.86652054	814	478	466	348	0.57216378
19	1	0.0276	0.000632793	185660	5124	5124	180536	6578	1375	1374	1.13216966	5204	0.20883510	1590	1165	1134	5.84136807	456	0.71326029	773	680	662	111	0.85634479	817	485	472	345	0.57788168
19	1	0.0278	0.000622615	185691	5162	5162	180529	6591	1391	1390	1.13841307	5201	0.21084860	1600	1180	1149	5.85897372	451	0.71810633	780	692	674	106	0.86384977	820	488	475	345	0.57947233
19	1	0.028	0.000608725	185748	5200	5200	180548	6611	1407	1406	1.14538473	5205	0.21262853	1620	1193	1160	6.07918338	460	0.71585567	793	700	680	113	0.85807430	827	493	479	348	0.57948400
19	1	0.0282	0.000598297	185788	5239	5239	180549	6629	1421	1420	1.15151374	5209	0.21416098	1636	1204	1170	6.16761748	466	0.71502428	800	703	683	117	0.85377403	836	501	487	349	0.58224940
19	1	0.0284	0.000589525	185825	5277	5277	180548	6648	1438	1437	1.15860695	5211	0.21610360	1653	1218	1183	6.22358409	470	0.71578973	812	711	691	121	0.85059847	841	507	493	348	0.58562956
19	1	0.0286	0.000580122	185866	5315	5315	180551	6667	1457	1456	1.16624002	5211	0.21833493	1669	1233	1197	6.30144942	472	0.71743658	821	723	702	119	0.85520831	848	510	495	353	0.58405144
19	1	0.0288	0.000570792	185906	5354	5354	180552	6688	1477	1476	1.17433390	5212	0.22063696	1686	1250	1214	6.36243021	472	0.71993727	832	733	712	120	0.85550561	854	517	502	352	0.58786132
19	1	0.029	0.000562512	185950	5392	5392	180558	6708	1498	1497	1.18254387	5211	0.22310684	1701	1268	1232	6.38034216	469	0.72410339	841	745	724	117	0.86049017	860	523	508	352	0.59072979
19	1	0.0292	0.000552071	185993	5430	5430	180563	6730	1515	1514	1.18980847	5216	0.22490095	1718	1282	1244	6.52387859	474	0.72416752	851	750	728	123	0.85527521	867	532	516	351	0.59547936
19	1	0.0294	0.000546094	186017	5468	5468	180549	6740	1532	1531	1.19566661	5209	0.22708745	1727	1296	1259	6.44026185	468	0.72910451	855	758	736	119	0.86135110	872	538	523	349	0.59943612
19	1	0.0296	0.000537992	186057	5507	5507	180550	6754	1544	1543	1.20057303	5211	0.22839172	1738	1306	1269	6.48420749	469	0.72997432	858	763	741	117	0.86387603	880	543	527	353	0.59942014
19	1	0.0298	0.00053209	186092	5545	5545	180547	6773	1562	1561	1.20767055	5212	0.23040611	1755	1321	1283	6.56584216	472	0.73094561	870	769	747	123	0.85835404	885	552	536	349	0.60569665
19	1	0.03	0.000526702	186112	5583	5583	180529	6784	1586	1585	1.21540112	5199	0.23356749	1763	1338	1301	6.48703703	462	0.73785024	875	779	757	118	0.86555332	888	559	543	345	0.61201669
19	1	0.0302	0.000518983	186149	5621	5621	180528	6798	1601	1600	1.22102103	5198	0.23529099	1772	1347	1310	6.49982113	462	0.73910208	874	779	757	117	0.86661574	898	568	552	346	0.61499636
19	1	0.0304	0.000511518	186199	5660	5660	180539	6825	1620	1618	1.22919305	5207	0.23714112	1793	1362	1323	6.61795365	470	0.73809013	887	786	764	123	0.86101656	906	576	560	346	0.61774162
19	1	0.0306	0.000505278	186234	5698	5698	180536	6839	1634	1632	1.23449604	5207	0.23870084	1806	1374	1335	6.66594730	471	0.73913707	893	790	768	125	0.85947180	913	584	567	346	0.62143837
19	1	0.0308	0.000497386	186277	5737	5737	180540	6857	1647	1645	1.23999447	5212	0.23996812	1818	1381	1341	6.71832240	477	0.73776164	897	788	765	132	0.85319843	921	593	576	345	0.62533298
19	1	0.031	0.000493794	186295	5774	5774	180521	6867	1662	1660	1.24503444	5207	0.24180121	1826	1391	1351	6.74042737	475	0.73988369	901	794	771	130	0.85591928	925	597	580	345	0.62685876
19	1	0.0312	0.00048587	186340	5813	5813	180527	6883	1682	1680	1.25202689	5203	0.24414230	1838	1409	1370	6.68924713	468	0.74521358	911	805	783	128	0.85899924	927	604	587	340	0.63339186
19	1	0.0314	0.000479879	186371	5851	5851	180520	6896	1699	1697	1.25785851	5199	0.24614513	1849	1423	1384	6.70906824	465	0.74827100	917	814	791	126	0.86306995	932	609	592	340	0.63531968
19	1	0.0316	0.000474081	186410	5890	5890	180520	6913	1715	1713	1.26389251	5200	0.24785210	1865	1435	1395	6.73460786	470	0.74815918	928	821	798	130	0.86023305	937	614	597	340	0.63716179
19	1	0.0318	0.000466305	186468	5929	5929	180539	6943	1735	1733	1.27246620	5210	0.24965862	1889	1450	1409	6.87547141	480	0.74577386	945	833	809	136	0.85641508	944	617	599	345	0.63501544
19	1	0.032	0.000457548	186523	5968	5968	180555	6967	1757	1755	1.28075892	5212	0.25195330	1906	1469	1427	6.91451939	479	0.74892191	954	847	823	131	0.86272557	952	622	604	348	0.63487916
19	1	0.0322	0.000449137	186570	6007	6007	180563	6986	1777	1775	1.28790889	5211	0.25412829	1920	1487	1444	7.01733140	476	0.75228933	960	861	836	124	0.87117837	960	626	608	352	0.63340030
19	1	0.0324	0.000443399	186599	6045	6045	180554	6999	1796	1794	1.29403520	5205	0.25636869	1929	1503	1461	6.99299790	468	0.75726045	961	869	845	116	0.87885031	968	634	616	352	0.63654986
19	1	0.0326	0.000436228	186649	6084	6084	180565	7021	1811	1809	1.30030411	5212	0.25769950	1946	1516	1474	7.00798254	472	0.75722385	968	881	856	112	0.88464387	978	635	617	361	0.63110670
19	1	0.0328	0.000430559	186685	6123	6123	180562	7034	1829	1827	1.30612789	5207	0.25978007	1955	1532	1491	6.92937480	464	0.76243275	970	891	867	103	0.89370772	985	641	624	361	0.63315689
19	1	0.033	0.00042489	186714	6161	6161	180553	7046	1845	1843	1.31132859	5203	0.26160650	1964	1546	1505	6.92666259	459	0.76610619	971	902	878	93	0.90408294	993	644	627	366	0.63118633
19	1	0.0332	0.000420965	186737	6199	6199	180538	7054	1857	1855	1.31508356	5199	0.26300957	1972	1552	1510	7.02423715	462	0.76549240	977	902	877	100	0.89798287	995	650	632	363	0.63539875
19	1	0.0334	0.000415536	186769	6238	6238	180531	7065	1878	1876	1.32123193	5189	0.26557018	1979	1567	1526	6.87377451	453	0.77125896	976	913	889	87	0.91116700	1003	654	637	366	0.63511714
19	1	0.0336	0.000410809	186795	6276	6276	180519	7077	1902	1900	1.32811600	5177	0.26850856	1988	1585	1545	6.79393626	443	0.77732044	981	925	902	79	0.91930564	1007	660	643	364	0.63900119
19	1	0.0338	0.000405034	186827	6314	6314	180513	7097	1920	1918	1.33464750	5179	0.27028571	2003	1600	1560	6.78739198	443	0.77901664	992	936	913	79	0.92017807	1011	664	648	363	0.64050810
19	1	0.034	0.00040053	186854	6353	6353	180501	7107	1937	1935	1.33964157	5172	0.27229553	2008	1614	1576	6.63655376	432	0.78491016	992	944	922	70	0.92926686	1016	670	654	362	0.64396345
19	1	0.0342	0.000393476	186910	6392	6392	180518	7136	1955	1953	1.34728537	5183	0.27370849	2030	1627	1589	6.64674855	441	0.78268731	1007	949	927	80	0.92030868	1023	678	662	361	0.64721837
19	1	0.0344	0.000387912	186945	6430	6430	180515	7159	1975	1973	1.35455573	5186	0.27562008	2045	1637	1598	6.74819821	447	0.78127880	1016	953	930	86	0.91548212	1029	684	668	361	0.64877096
19	1	0.0346	0.000381576	186993	6469	6469	180524	7179	1997	1995	1.36182209	5184	0.27791397	2061	1655	1615	6.79168049	446	0.78375535	1020	964	941	79	0.92243840	1041	691	674	367	0.64786994
19	1	0.0348	0.000376829	187035	6508	6508	180527	7201	2012	2010	1.36785260	5191	0.27914566	2081	1668	1628	6.82486689	453	0.78229147	1030	974	951	79	0.92292489	1051	694	677	374	0.64446804
19	1	0.035	0.000372217	187077	6547	6547	180530	7215	2034	2032	1.37425661	5183	0.28165078	2092	1687	1649	6.66584124	443	0.78809984	1029	989	967	62	0.93930959	1063	698	682	381	0.64172653
19	1	0.0352	0.000367884	187120	6586	6586	180534	7234	2051	2049	1.38025786	5185	0.28325875	2108	1703	1664	6.72641148	444	0.78939897	1037	995	972	65	0.93755518	1071	708	692	379	0.64594613
19	1	0.0354	0.000363889	187155	6625	6625	180530	7250	2068	2066	1.38583695	5184	0.28497633	2117	1718	1680	6.66683282	437	0.79344298	1035	1007	985	50	0.95126724	1082	711	695	387	0.64247430
19	1	0.0356	0.000359544	187186	6663	6663	180523	7262	2084	2082	1.39065524	5180	0.28670683	2125	1730	1693	6.49498437	432	0.79692725	1037	1013	992	45	0.95622963	1088	717	702	386	0.64509217
19	1	0.0358	0.000353878	187239	6703	6703	180536	7285	2104	2102	1.39772160	5183	0.28854431	2143	1747	1711	6.46864908	432	0.79824328	1043	1026	1005	38	0.96322466	1100	721	706	394	0.64181095
19	1	0.036	0.000349066	187288	6742	6742	180546	7308	2120	2118	1.40397651	5190	0.28982318	2161	1758	1720	6.63364424	441	0.79587699	1060	1032	1010	50	0.95247959	1101	726	710	391	0.64510610
19	1	0.0362	0.000344057	187325	6781	6781	180544	7333	2140	2138	1.41126736	5195	0.29155969	2182	1771	1731	6.84849943	451	0.79315316	1078	1042	1018	60	0.94458751	1104	729	712	392	0.64528519
19	1	0.0364	0.0003404	187377	6820	6820	180557	7359	2154	2152	1.41751280	5207	0.29242962	2201	1783	1740	7.08554335	461	0.79064660	1090	1047	1022	68	0.93750003	1111	736	718	393	0.64656898
19	1	0.0366	0.000336601	187424	6859	6859	180565	7389	2172	2170	1.42506587	5219	0.29367547	2224	1797	1753	7.22511015	471	0.78802157	1104	1050	1024	80	0.92756646	1120	747	729	391	0.65047018
19	1	0.0368	0.00033237	187462	6898	6898	180564	7404	2189	2187	1.43036234	5217	0.29537452	2237	1811	1767	7.18474225	470	0.78990929	1112	1054	1028	84	0.92482716	1125	757	739	386	0.65655046
19	1	0.037	0.00032826	187492	6937	6937	180555	7418	2207	2205	1.43568552	5213	0.29724153	2248	1828	1784	7.16851044	464	0.79372348	1119	1068	1042	77	0.93160221	1129	760	742	387	0.65706600
19	1	0.0372	0.000325179	187534	6976	6976	180558	7437	2228	2226	1.44222865	5211	0.29930333	2264	1847	1804	7.08241015	460	0.79691034	1131	1082	1057	74	0.93450934	1133	765	747	386	0.65955424
19	1	0.0374	0.00032034	187589	7015	7015	180574	7468	2249	2247	1.45040366	5221	0.30086974	2290	1864	1819	7.29406544	471	0.79424086	1152	1090	1064	88	0.92324257	1138	774	755	383	0.66365214
19	1	0.0376	0.000315806	187635	7055	7055	180580	7497	2272	2270	1.45864407	5227	0.30277061	2313	1879	1832	7.44350451	481	0.79205424	1172	1100	1072	100	0.91510061	1141	779	760	381	0.66566479
19	1	0.0378	0.000312555	187680	7094	7094	180586	7517	2285	2283	1.46379303	5234	0.30369245	2328	1889	1840	7.59701901	488	0.79049815	1180	1105	1077	103	0.91228839	1148	784	764	384	0.66531306
19	1	0.038	0.000309049	187701	7132	7132	180569	7526	2302	2300	1.46811016	5226	0.30558644	2334	1902	1854	7.51724907	480	0.79450359	1182	1114	1086	96	0.91886967	1152	788	768	384	0.66689881
19	1	0.0382	0.000304881	187751	7172	7172	180579	7550	2326	2324	1.47574971	5226	0.30779086	2351	1917	1868	7.59314678	483	0.79474991	1190	1121	1093	97	0.91816272	1161	796	776	385	0.66825444
19	1	0.0384	0.000301862	187791	7211	7211	180580	7564	2341	2339	1.48036294	5225	0.30920246	2360	1930	1882	7.52944786	478	0.79753440	1192	1130	1102	90	0.92449871	1168	800	780	388	0.66796124
19	1	0.0386	0.000298065	187834	7250	7250	180584	7587	2364	2362	1.48762347	5225	0.31129377	2377	1949	1901	7.55909655	476	0.79968528	1204	1144	1116	88	0.92669321	1173	805	785	388	0.66932079
19	1	0.0388	0.00029518	187855	7288	7288	180567	7594	2385	2383	1.49222027	5211	0.31377036	2384	1962	1914	7.51487968	470	0.80305644	1206	1150	1122	84	0.93047315	1178	812	792	386	0.67261114
19	1	0.039	0.000291399	187893	7327	7327	180566	7615	2406	2404	1.49878104	5211	0.31566021	2401	1978	1929	7.69741371	472	0.80322154	1217	1159	1130	87	0.92852602	1184	819	799	385	0.67442463
19	1	0.0392	0.000287566	187944	7367	7367	180577	7640	2424	2422	1.50539119	5218	0.31698071	2420	1989	1938	7.81422672	482	0.80082275	1229	1162	1132	97	0.92123670	1191	827	806	385	0.67656688
19	1	0.0394	0.000283978	187988	7406	7406	180582	7659	2447	2445	1.51194306	5214	0.31919479	2435	2007	1958	7.65337176	477	0.80402773	1235	1175	1146	89	0.92809734	1200	832	812	388	0.67633942
19	1	0.0396	0.000279947	188042	7446	7446	180596	7682	2467	2465	1.51855105	5217	0.32084000	2452	2020	1968	7.92519708	484	0.80254041	1238	1179	1149	89	0.92774616	1214	841	819	395	0.67485942
19	1	0.0398	0.000274925	188100	7486	7486	180614	7713	2488	2486	1.52646610	5227	0.32227003	2479	2036	1982	8.08244225	497	0.79940576	1258	1191	1159	99	0.92150384	1221	845	822	399	0.67360774
19	1	0.04	0.000271197	188159	7526	7526	180633	7743	2507	2505	1.53389905	5238	0.32347230	2504	2053	1996	8.34928628	508	0.79694157	1271	1203	1169	102	0.92000870	1233	850	826	407	0.67008162
19	1	0.0402	0.000268224	188204	7565	7565	180639	7763	2528	2526	1.54016891	5237	0.32534159	2518	2070	2013	8.28614935	505	0.79959244	1274	1212	1179	95	0.92530999	1244	858	835	409	0.67084312
19	1	0.0404	0.000263855	188264	7605	7605	180659	7797	2549	2547	1.54847547	5250	0.32661294	2544	2086	2026	8.57282917	518	0.79627604	1290	1220	1185	105	0.91840994	1254	866	841	413	0.67063592
19	1	0.0406	0.000260542	188310	7645	7645	180665	7818	2568	2566	1.55453694	5252	0.32816350	2562	2096	2035	8.59562293	527	0.79438767	1301	1222	1187	114	0.91204076	1261	874	849	412	0.67300251
19	1	0.0408	0.000257033	188360	7685	7685	180675	7844	2587	2585	1.56132113	5259	0.32949530	2578	2112	2051	8.61761026	527	0.79556899	1307	1234	1198	109	0.91686716	1271	878	853	418	0.67083515
19	1	0.041	0.000253897	188404	7724	7724	180680	7866	2604	2602	1.56719138	5264	0.33073261	2593	2123	2061	8.68571949	532	0.79484288	1313	1237	1201	112	0.91461598	1280	886	860	420	0.67198188
19	1	0.0412	0.000250852	188450	7764	7764	180686	7888	2630	2628	1.57440514	5260	0.33310346	2607	2145	2085	8.56782394	522	0.79962350	1318	1253	1218	100	0.92392123	1289	892	867	422	0.67252932
19	1	0.0414	0.00024787	188499	7803	7803	180696	7916	2647	2644	1.58113959	5272	0.33407009	2629	2159	2098	8.62266210	531	0.79800259	1334	1259	1223	111	0.91709040	1295	900	875	420	0.67532836
19	1	0.0416	0.000244551	188550	7843	7843	180707	7943	2665	2662	1.58786444	5281	0.33519797	2650	2169	2106	8.72718581	544	0.79490482	1347	1260	1224	123	0.90845705	1303	909	883	420	0.67751812
19	1	0.0418	0.000241422	188582	7882	7882	180700	7959	2689	2686	1.59379725	5273	0.33753721	2664	2189	2126	8.75096890	538	0.79817874	1358	1275	1239	119	0.91200880	1306	914	888	418	0.67981639
19	1	0.042	0.000237895	188634	7922	7922	180712	7983	2710	2707	1.60046946	5276	0.33915036	2679	2206	2144	8.72673091	535	0.80018355	1365	1289	1253	112	0.91765005	1314	917	891	423	0.67815786
19	1	0.0422	0.000235922	188672	7961	7961	180711	8002	2733	2730	1.60664435	5272	0.34121689	2695	2221	2158	8.81066520	537	0.80062743	1377	1297	1260	117	0.91505397	1318	924	898	420	0.68107860
19	1	0.0424	0.000233448	188716	8001	8001	180715	8022	2759	2756	1.61335774	5266	0.34360458	2710	2239	2175	8.89145572	535	0.80247397	1383	1307	1269	114	0.91790886	1327	932	905	422	0.68216769
19	1	0.0426	0.000231405	188750	8040	8040	180710	8036	2778	2775	1.61814063	5261	0.34536840	2721	2254	2191	8.82779193	530	0.80508179	1390	1320	1283	107	0.92294063	1331	934	908	423	0.68199855
19	1	0.0428	0.000228705	188800	8080	8080	180720	8063	2799	2796	1.62517673	5267	0.34681355	2742	2266	2200	9.05614175	542	0.80217559	1405	1326	1287	118	0.91610275	1337	940	912	425	0.68245408
19	1	0.043	0.000225733	188849	8120	8120	180729	8087	2819	2816	1.63159737	5271	0.34825482	2760	2279	2210	9.21561708	550	0.80089610	1413	1332	1292	121	0.91433006	1347	947	919	428	0.68190413
19	1	0.0432	0.000223078	188905	8160	8160	180745	8116	2838	2835	1.63864348	5281	0.34934865	2782	2294	2223	9.38284000	559	0.79909514	1430	1337	1296	134	0.90606128	1352	957	927	425	0.68595787
19	1	0.0434	0.000220339	188955	8200	8200	180755	8140	2861	2858	1.64543258	5282	0.35114145	2796	2308	2237	9.40280951	559	0.80001827	1436	1342	1301	135	0.90573123	1360	966	936	424	0.68839782
19	1	0.0436	0.000218077	188992	8239	8239	180753	8154	2877	2874	1.64971965	5280	0.35249905	2806	2321	2249	9.49960131	557	0.80141718	1441	1350	1308	133	0.90769713	1365	971	941	424	0.68921981
19	1	0.0438	0.000215623	189035	8279	8279	180756	8179	2901	2898	1.65675026	5281	0.35435310	2826	2338	2264	9.60963556	562	0.80122265	1458	1358	1315	143	0.90203443	1368	980	949	419	0.69377852
19	1	0.044	0.000213476	189064	8318	8318	180746	8191	2923	2920	1.66145262	5271	0.35651794	2835	2354	2281	9.53344740	554	0.80474949	1462	1367	1325	137	0.90620918	1373	987	957	416	0.69671303
19	1	0.0442	0.000211363	189107	8358	8358	180749	8210	2945	2942	1.66722556	5268	0.35837018	2846	2371	2298	9.60254536	548	0.80738786	1468	1374	1332	136	0.90708134	1378	997	966	412	0.70118319
19	1	0.0444	0.0002092	189136	8397	8397	180739	8229	2969	2966	1.67321827	5263	0.36045682	2859	2388	2316	9.53523067	543	0.81004983	1475	1386	1344	131	0.91130295	1384	1002	972	412	0.70213916
19	1	0.0446	0.000206903	189175	8437	8437	180738	8251	2986	2983	1.67880326	5268	0.36155381	2872	2399	2327	9.53839896	545	0.81019040	1482	1395	1353	129	0.91299265	1390	1004	974	416	0.70058396
19	1	0.0448	0.00020471	189210	8476	8476	180734	8268	3009	3006	1.68430395	5262	0.36358998	2882	2417	2346	9.49169399	536	0.81389500	1487	1408	1366	121	0.91891934	1395	1009	979	416	0.70194432
19	1	0.045	0.000202971	189246	8516	8516	180730	8292	3029	3026	1.69054010	5266	0.36494705	2898	2433	2361	9.53395916	537	0.81470927	1496	1419	1377	119	0.92047020	1402	1014	984	418	0.70185738
19	1	0.0452	0.000201184	189281	8555	8555	180726	8311	3050	3047	1.69607461	5264	0.36663725	2913	2447	2375	9.54811763	538	0.81521871	1505	1424	1382	123	0.91823563	1408	1023	993	415	0.70510474
19	1	0.0454	0.00019955	189312	8594	8594	180718	8324	3073	3070	1.70084772	5254	0.36882580	2923	2461	2389	9.54712184	534	0.81724843	1512	1427	1385	127	0.91610126	1411	1034	1004	407	0.71131968
19	1	0.0456	0.000197279	189352	8634	8634	180718	8347	3094	3091	1.70698042	5256	0.37032288	2940	2473	2398	9.79366220	542	0.81552486	1525	1431	1387	138	0.90976706	1415	1042	1010	405	0.71395641
19	1	0.0458	0.00019598	189376	8673	8673	180703	8356	3109	3106	1.71014142	5250	0.37171784	2946	2483	2409	9.72613421	537	0.81759119	1527	1433	1390	137	0.91033110	1419	1050	1019	400	0.71779285
19	1	0.046	0.000194362	189410	8712	8712	180698	8372	3124	3121	1.71442969	5251	0.37279737	2957	2491	2416	9.74173274	541	0.81715124	1533	1437	1394	139	0.90927375	1424	1054	1022	402	0.71797722
19	1	0.0462	0.000192087	189452	8752	8752	180700	8393	3144	3141	1.72007870	5252	0.37424523	2972	2506	2433	9.60413644	539	0.81860771	1540	1448	1406	134	0.91283317	1432	1058	1027	405	0.71727587
19	1	0.0464	0.000189735	189496	8792	8792	180704	8416	3163	3160	1.72593069	5256	0.37547767	2990	2520	2445	9.70086385	545	0.81789008	1551	1457	1414	137	0.91161895	1439	1063	1032	407	0.71686613
19	1	0.0466	0.000187467	189539	8831	8831	180708	8434	3184	3181	1.73116319	5253	0.37716409	3003	2538	2463	9.79853677	540	0.82003046	1556	1467	1423	133	0.91477486	1447	1071	1039	408	0.71814913
19	1	0.0468	0.000186069	189572	8871	8871	180701	8456	3205	3202	1.73703449	5254	0.37866386	3020	2553	2476	9.92738338	544	0.81979318	1569	1476	1431	138	0.91227094	1451	1077	1044	407	0.71979482
19	1	0.047	0.000184327	189601	8911	8911	180690	8473	3228	3225	1.74226815	5248	0.38061648	3034	2572	2495	9.96322385	539	0.82219010	1582	1488	1443	139	0.91224882	1452	1084	1051	401	0.72406828
19	1	0.0472	0.000182511	189635	8950	8950	180685	8490	3242	3239	1.74654531	5251	0.38150159	3049	2577	2496	10.17526821	553	0.81877426	1592	1484	1438	154	0.90302136	1457	1093	1059	398	0.72672115
19	1	0.0474	0.000180415	189694	8991	8991	180703	8521	3265	3262	1.75407082	5259	0.38280978	3072	2598	2517	10.20403939	555	0.81933429	1606	1501	1454	152	0.90547892	1466	1097	1063	403	0.72496302
19	1	0.0476	0.000177917	189749	9031	9031	180718	8545	3286	3283	1.76021093	5262	0.38418965	3087	2613	2530	10.33108209	557	0.81964406	1614	1510	1462	152	0.90593270	1473	1103	1068	405	0.72509562
19	1	0.0478	0.00017633	189801	9072	9072	180729	8570	3309	3306	1.76670313	5264	0.38575002	3107	2629	2546	10.35316597	561	0.81934852	1625	1519	1471	154	0.90515666	1482	1110	1075	407	0.72526065
19	1	0.048	0.000174338	189845	9112	9112	180733	8593	3326	3323	1.77224952	5270	0.38669359	3124	2640	2553	10.61605992	571	0.81722456	1632	1521	1471	161	0.90127550	1492	1119	1082	410	0.72528679
19	1	0.0482	0.000172569	189891	9152	9152	180739	8620	3345	3342	1.77865814	5278	0.38768391	3142	2655	2568	10.63808497	574	0.81720562	1645	1529	1479	166	0.89890663	1497	1126	1089	408	0.72742729
19	1	0.0484	0.000170749	189935	9192	9192	180743	8640	3367	3364	1.78416675	5276	0.38933052	3158	2666	2578	10.71021065	580	0.81618384	1654	1534	1483	171	0.89666419	1504	1132	1094	410	0.72767685
19	1	0.0486	0.000168671	189982	9233	9233	180749	8659	3389	3386	1.78948451	5273	0.39101474	3171	2682	2594	10.66113704	577	0.81811313	1656	1544	1493	163	0.90185723	1515	1138	1101	414	0.72657501
19	1	0.0488	0.000167217	190018	9272	9272	180746	8674	3414	3411	1.79437783	5263	0.39321872	3180	2701	2616	10.47214604	564	0.82269213	1658	1556	1507	151	0.90900222	1522	1145	1109	413	0.72866970
19	1	0.049	0.00016604	190044	9312	9312	180732	8688	3430	3427	1.79824124	5261	0.39442510	3188	2711	2626	10.49339056	562	0.82372990	1659	1555	1506	153	0.90794101	1529	1156	1120	409	0.73235892
19	1	0.0492	0.000164134	190085	9352	9352	180733	8716	3445	3442	1.80439778	5274	0.39487644	3206	2724	2637	10.66119609	569	0.82239438	1673	1564	1514	159	0.90485159	1533	1160	1123	410	0.73240682
19	1	0.0494	0.000162406	190122	9391	9391	180731	8741	3465	3462	1.81049153	5279	0.39603261	3223	2739	2650	10.77685665	573	0.82215064	1685	1579	1528	157	0.90657115	1538	1160	1122	416	0.72966132
19	1	0.0496	0.000160475	190173	9432	9432	180741	8767	3485	3482	1.81674658	5285	0.39713680	3240	2756	2665	10.92909801	575	0.82243275	1694	1593	1540	154	0.90921912	1546	1163	1124	422	0.72733823
19	1	0.0498	0.00015886	190217	9472	9472	180745	8786	3503	3500	1.82161037	5286	0.39832468	3254	2769	2676	11.02918847	578	0.82246527	1699	1599	1545	154	0.90963518	1555	1170	1131	424	0.72722304
19	1	0.05	0.000156845	190257	9512	9512	180745	8810	3522	3519	1.82741321	5291	0.39939381	3268	2782	2689	11.04092474	579	0.82283843	1711	1604	1550	161	0.90613696	1557	1178	1139	418	0.73130100
19	1	0.0502	0.000154695	190302	9553	9553	180749	8836	3546	3543	1.83398314	5293	0.40093203	3285	2800	2706	11.12276502	579	0.82365441	1717	1616	1562	155	0.90948058	1568	1184	1144	424	0.72967256
19	1	0.0504	0.000153319	190336	9592	9592	180744	8852	3568	3565	1.83862836	5287	0.40269074	3296	2811	2718	11.05395282	578	0.82454987	1725	1619	1565	160	0.90740472	1571	1192	1152	419	0.73357302
19	1	0.0506	0.000151437	190389	9633	9633	180756	8884	3593	3590	1.84628711	5294	0.40405112	3320	2827	2730	11.30432800	590	0.82229617	1744	1628	1572	172	0.90146415	1576	1199	1158	418	0.73468896
19	1	0.0508	0.000150148	190434	9674	9674	180760	8908	3618	3615	1.85253260	5293	0.40576640	3339	2843	2742	11.55589542	597	0.82129114	1756	1639	1581	175	0.90030806	1583	1204	1161	422	0.73363876
19	1	0.051	0.00014859	190471	9713	9713	180758	8928	3635	3632	1.85741128	5296	0.40675952	3350	2856	2757	11.45047042	593	0.82298558	1760	1643	1586	174	0.90116377	1590	1213	1171	419	0.73644871
19	1	0.0512	0.000147166	190513	9753	9753	180760	8941	3658	3655	1.86152699	5286	0.40873881	3356	2868	2771	11.33923798	585	0.82569375	1758	1646	1590	168	0.90463370	1598	1222	1181	417	0.73884992
19	1	0.0514	0.000145593	190558	9794	9794	180764	8967	3682	3679	1.86798483	5288	0.41022746	3375	2883	2784	11.47927660	591	0.82487065	1771	1653	1596	175	0.90129980	1604	1230	1188	416	0.74048409
19	1	0.0516	0.000144526	190592	9834	9834	180758	8983	3703	3699	1.87242591	5284	0.41183269	3387	2900	2800	11.56918050	587	0.82670919	1779	1662	1605	174	0.90203842	1608	1238	1195	413	0.74336920
19	1	0.0518	0.000142599	190641	9875	9875	180766	9004	3726	3722	1.87788428	5282	0.41342432	3399	2918	2821	11.41511271	578	0.82985794	1778	1675	1619	159	0.91065251	1621	1243	1202	419	0.74123812
19	1	0.052	0.000140868	190690	9915	9915	180775	9026	3742	3738	1.88298547	5288	0.41418717	3414	2928	2828	11.61626969	586	0.82825848	1782	1676	1619	163	0.90829025	1632	1252	1209	423	0.74087086
19	1	0.0522	0.000139412	190726	9955	9955	180771	9038	3764	3760	1.88673421	5278	0.41606985	3425	2941	2839	11.72585365	586	0.82896176	1788	1679	1621	167	0.90653219	1637	1262	1218	419	0.74423609
19	1	0.0524	0.000137862	190783	9996	9996	180787	9063	3786	3782	1.89278497	5281	0.41734706	3442	2958	2855	11.82822526	587	0.82938501	1794	1689	1630	164	0.90860702	1648	1269	1225	423	0.74314454
19	1	0.0526	0.00013611	190846	10038	10038	180808	9096	3809	3805	1.90032942	5291	0.41835838	3465	2974	2869	11.94297712	596	0.82790448	1808	1698	1638	170	0.90590314	1657	1276	1231	426	0.74279791
19	1	0.0528	0.000135126	190879	10078	10078	180801	9114	3831	3827	1.90509672	5287	0.41994400	3476	2985	2880	11.91637527	596	0.82856244	1814	1699	1639	175	0.90368437	1662	1286	1241	421	0.74657016
19	1	0.053	0.000133748	190912	10118	10118	180794	9128	3853	3849	1.90912108	5279	0.42170841	3486	3001	2897	11.87595885	589	0.83104146	1818	1709	1650	168	0.90746997	1668	1292	1247	421	0.74773989
19	1	0.0532	0.000132435	190969	10159	10159	180810	9158	3876	3872	1.91608725	5286	0.42283552	3502	3015	2910	11.89439644	592	0.83109542	1820	1713	1654	166	0.90858527	1682	1302	1257	425	0.74724791
19	1	0.0534	0.000131192	191014	10200	10200	180814	9176	3898	3894	1.92079806	5282	0.42440166	3512	3028	2925	11.80949867	587	0.83282914	1818	1720	1661	157	0.91387988	1694	1308	1263	431	0.74584552
19	1	0.0536	0.000130268	191040	10239	10239	180801	9188	3915	3911	1.92407690	5277	0.42569624	3519	3041	2939	11.76468517	580	0.83509982	1819	1730	1672	147	0.91908280	1700	1311	1267	433	0.74523803
19	1	0.0538	0.000129087	191069	10279	10279	180790	9201	3937	3933	1.92783756	5268	0.42748425	3530	3058	2957	11.66612260	573	0.83776323	1826	1740	1683	143	0.92152473	1704	1318	1275	429	0.74800473
19	1	0.054	0.000127773	191111	10319	10319	180792	9227	3960	3956	1.93401880	5271	0.42876977	3545	3073	2968	11.94008368	577	0.83736507	1832	1743	1684	148	0.91905275	1713	1330	1285	428	0.75000265
19	1	0.0542	0.000126594	191151	10360	10360	180791	9248	3981	3977	1.93914740	5271	0.43006475	3558	3089	2986	11.82990972	572	0.83924947	1836	1755	1697	139	0.92402465	1722	1334	1290	432	0.74886200
19	1	0.0544	0.000125375	191186	10400	10400	180786	9263	4001	3997	1.94309737	5266	0.43152580	3566	3101	2998	11.79867774	568	0.84084187	1834	1760	1702	132	0.92791295	1732	1341	1297	435	0.74864304
19	1	0.0546	0.000124304	191221	10440	10440	180781	9283	4022	4018	1.94801246	5265	0.43285623	3580	3115	3014	11.67833267	566	0.84194290	1844	1766	1709	135	0.92669623	1736	1349	1305	431	0.75191690
19	1	0.0548	0.000122769	191258	10480	10480	180778	9300	4037	4033	1.95201739	5267	0.43367621	3591	3127	3027	11.59367953	564	0.84307322	1848	1775	1719	129	0.92992775	1743	1352	1309	434	0.75098649
19	1	0.055	0.000121178	191332	10523	10523	180809	9336	4064	4060	1.96021565	5276	0.43489254	3616	3146	3043	11.83936744	573	0.84146536	1860	1787	1728	132	0.92921787	1756	1359	1314	442	0.74851566
19	1	0.0552	0.000120019	191369	10563	10563	180806	9358	4080	4076	1.96519225	5282	0.43557781	3632	3159	3056	11.84223922	576	0.84130143	1870	1795	1736	134	0.92847602	1762	1364	1319	443	0.74878357
19	1	0.0554	0.000119209	191398	10603	10603	180795	9372	4101	4097	1.96894517	5275	0.43716629	3641	3175	3075	11.63612213	566	0.84447973	1874	1809	1752	122	0.93483543	1767	1366	1323	444	0.74865259
19	1	0.0556	0.000118165	191436	10643	10643	180793	9388	4118	4114	1.97284098	5274	0.43823041	3651	3187	3087	11.62514487	564	0.84553550	1882	1812	1755	127	0.93261026	1769	1375	1332	437	0.75289859
19	1	0.0558	0.000116973	191471	10683	10683	180788	9403	4143	4139	1.97695304	5264	0.44018833	3659	3205	3112	11.10543575	547	0.85061924	1882	1825	1772	110	0.94170056	1777	1380	1340	437	0.75415608
19	1	0.056	0.000116011	191505	10724	10724	180781	9417	4167	4163	1.98079602	5254	0.44208088	3669	3220	3129	11.00426577	540	0.85284911	1889	1831	1779	110	0.94193390	1780	1389	1350	430	0.75830913
19	1	0.0562	0.0001151	191540	10764	10764	180776	9435	4185	4181	1.98507599	5254	0.44314348	3681	3234	3142	11.14597976	539	0.85349002	1897	1842	1789	108	0.94329285	1784	1392	1352	432	0.75799900
19	1	0.0564	0.000113952	191587	10805	10805	180782	9458	4208	4204	1.99053153	5254	0.44449535	3697	3249	3157	11.14720651	540	0.85380362	1903	1852	1799	104	0.94549650	1794	1397	1357	437	0.75653965
19	1	0.0566	0.000112855	191624	10845	10845	180779	9478	4231	4227	1.99540254	5251	0.44598203	3709	3264	3170	11.31625777	539	0.85457286	1910	1860	1806	104	0.94566074	1799	1404	1363	436	0.75786478
19	1	0.0568	0.000111961	191664	10886	10886	180778	9498	4254	4250	2.00025558	5248	0.44746244	3723	3279	3185	11.30678652	538	0.85546327	1917	1869	1815	102	0.94697862	1806	1410	1370	436	0.75832322
19	1	0.057	0.000110768	191719	10927	10927	180792	9525	4274	4270	2.00629552	5255	0.44829124	3740	3293	3198	11.33412047	542	0.85514890	1920	1878	1824	96	0.94998330	1820	1415	1374	446	0.75510381
19	1	0.0572	0.000109693	191777	10969	10969	180808	9555	4291	4287	2.01277184	5268	0.44866018	3763	3307	3210	11.46701869	553	0.85303792	1936	1883	1828	108	0.94408985	1827	1424	1382	445	0.75655378
19	1	0.0574	0.000108599	191820	11010	11010	180810	9578	4314	4310	2.01816724	5268	0.44998186	3779	3322	3220	11.89763278	559	0.85194903	1945	1888	1830	115	0.94074791	1834	1434	1390	444	0.75777574
19	1	0.0576	0.000107366	191870	11051	11051	180819	9601	4334	4330	2.02342294	5271	0.45098480	3793	3337	3233	12.00257979	560	0.85236673	1947	1898	1839	108	0.94445959	1846	1439	1394	452	0.75523520
19	1	0.0578	0.000106515	191914	11092	11092	180822	9628	4361	4357	2.02972575	5271	0.45252176	3810	3356	3253	11.87588678	557	0.85393024	1959	1905	1847	112	0.94272703	1851	1451	1407	444	0.75995243
19	1	0.058	0.000105683	191956	11133	11133	180823	9650	4382	4378	2.03480744	5272	0.45366413	3823	3367	3264	11.89525564	559	0.85377138	1964	1907	1849	115	0.94126516	1859	1460	1415	444	0.76133578
19	1	0.0582	0.000104903	191990	11173	11173	180817	9670	4404	4400	2.03953018	5270	0.45499893	3832	3382	3280	11.86194124	552	0.85591842	1968	1911	1853	115	0.94171582	1864	1471	1427	437	0.76533405
19	1	0.0584	0.000103568	192045	11215	11215	180830	9699	4422	4418	2.04583148	5281	0.45549169	3847	3393	3290	11.86567981	557	0.85534086	1969	1919	1861	108	0.94516320	1878	1474	1429	449	0.76116611
19	1	0.0586	0.000102454	192096	11256	11256	180840	9729	4444	4440	2.05247464	5289	0.45634564	3862	3408	3305	11.89493598	557	0.85583142	1969	1927	1869	100	0.94915449	1893	1481	1436	457	0.75876162
19	1	0.0588	0.000101134	192164	11299	11299	180865	9772	4468	4464	2.06171011	5308	0.45678968	3893	3428	3321	12.17333376	572	0.85302078	1989	1943	1882	107	0.94632698	1904	1485	1439	465	0.75554914
19	1	0.059	0.000100402	192201	11339	11339	180862	9796	4485	4481	2.06699597	5315	0.45740372	3910	3439	3327	12.49330522	583	0.85094653	2000	1945	1882	118	0.94088483	1910	1494	1445	465	0.75677031
19	1	0.0592	9.92986e-05	192245	11380	11380	180865	9815	4504	4500	2.07137665	5315	0.45845224	3925	3450	3339	12.43355661	586	0.85065901	2010	1946	1883	127	0.93696388	1915	1504	1456	459	0.76007269
19	1	0.0594	9.85574e-05	192283	11421	11421	180862	9836	4523	4519	2.07613851	5317	0.45940311	3938	3461	3345	12.78927272	593	0.84936251	2018	1950	1885	133	0.93385759	1920	1511	1460	460	0.76055467
19	1	0.0596	9.76832e-05	192324	11462	11462	180862	9854	4550	4546	2.08057368	5308	0.46130207	3950	3478	3364	12.68329752	586	0.85152461	2028	1957	1893	135	0.93322764	1922	1521	1471	451	0.76531557
19	1	0.0598	9.66469e-05	192367	11503	11503	180864	9876	4581	4577	2.08589098	5299	0.46341115	3964	3497	3385	12.52909102	579	0.85385664	2035	1972	1909	126	0.93791929	1929	1525	1476	453	0.76517468
19	1	0.06	9.56234e-05	192415	11544	11544	180871	9897	4603	4599	2.09070469	5298	0.46464872	3981	3513	3400	12.55337323	581	0.85415384	2045	1980	1917	128	0.93717782	1936	1533	1484	452	0.76645546
19	1	0.0602	9.47748e-05	192455	11585	11585	180870	9913	4626	4622	2.09454563	5291	0.46621733	3990	3529	3417	12.54715260	573	0.85635676	2048	1992	1929	119	0.94174939	1942	1537	1488	454	0.76630314
19	1	0.0604	9.42542e-05	192486	11626	11626	180860	9925	4655	4651	2.09773469	5274	0.46857421	3997	3542	3430	12.51628436	567	0.85826220	2049	1995	1932	117	0.94298876	1948	1547	1498	450	0.76914272
19	1	0.0606	9.33054e-05	192534	11665	11665	180869	9958	4679	4675	2.10493753	5283	0.46942848	4022	3557	3442	12.73431820	580	0.85575681	2067	2003	1938	129	0.93766787	1955	1554	1504	451	0.76915314
19	1	0.0608	9.24751e-05	192588	11709	11709	180879	9992	4707	4703	2.11243498	5289	0.47063022	4039	3578	3461	12.87392880	578	0.85688621	2069	2019	1953	116	0.94391415	1970	1559	1508	462	0.76548478
19	1	0.061	9.14388e-05	192633	11750	11750	180883	10017	4728	4724	2.11795009	5293	0.47154975	4058	3589	3469	13.08446762	589	0.85476144	2084	2019	1951	133	0.93631528	1974	1570	1517	457	0.76866306
19	1	0.0612	9.06575e-05	192670	11791	11791	180879	10033	4751	4746	2.12170029	5287	0.47308860	4066	3606	3491	12.75838424	575	0.85849521	2088	2027	1962	126	0.93972933	1978	1579	1528	450	0.77274351
19	1	0.0614	8.9813e-05	192705	11832	11832	180873	10050	4772	4767	2.12558783	5283	0.47437626	4072	3620	3508	12.56171456	564	0.86138342	2086	2034	1971	115	0.94478361	1986	1586	1537	449	0.77378382
19	1	0.0616	8.89351e-05	192749	11873	11873	180876	10069	4794	4789	2.12988544	5280	0.47566424	4086	3633	3519	12.65749060	567	0.86131265	2093	2041	1977	116	0.94464268	1993	1592	1542	451	0.77380147
19	1	0.0618	8.81487e-05	192786	11914	11914	180872	10095	4816	4811	2.13558369	5284	0.47661604	4104	3644	3527	12.85182008	577	0.85942276	2107	2046	1980	127	0.93988978	1997	1598	1547	450	0.77452340
19	1	0.062	8.75859e-05	192820	11954	11954	180866	10119	4836	4831	2.14083080	5288	0.47745987	4121	3657	3539	12.88433798	582	0.85883499	2122	2048	1982	140	0.93405395	1999	1609	1557	442	0.77898776
19	1	0.0622	8.68285e-05	192864	11996	11996	180868	10144	4859	4854	2.14633020	5290	0.47854820	4139	3667	3546	13.10242314	593	0.85672196	2134	2047	1979	155	0.92757245	2005	1620	1567	438	0.78131300
19	1	0.0624	8.60931e-05	192907	12037	12037	180870	10167	4882	4877	2.15141288	5290	0.47972569	4151	3685	3566	12.97014933	585	0.85907390	2138	2060	1993	145	0.93240649	2013	1625	1573	440	0.78118763
19	1	0.0626	8.50963e-05	192960	12079	12079	180881	10197	4906	4901	2.15792637	5296	0.48066520	4169	3700	3577	13.23138019	592	0.85809864	2147	2069	2000	147	0.93174234	2022	1631	1577	445	0.77990228
19	1	0.0628	8.41087e-05	193027	12122	12122	180905	10229	4930	4925	2.16484040	5304	0.48150485	4193	3714	3585	13.59957039	608	0.85511443	2162	2076	2004	158	0.92699812	2031	1638	1581	450	0.77859421
19	1	0.063	8.31999e-05	193087	12164	12164	180923	10257	4956	4951	2.17096063	5306	0.48272269	4208	3729	3598	13.71707819	610	0.85512321	2165	2085	2012	153	0.92930912	2043	1644	1586	457	0.77650720
19	1	0.0632	8.25429e-05	193121	12205	12205	180916	10276	4979	4974	2.17518111	5302	0.48406659	4221	3746	3615	13.76496671	606	0.85643767	2176	2093	2020	156	0.92822589	2045	1653	1595	450	0.78005079
19	1	0.0634	8.17587e-05	193176	12247	12247	180929	10299	5002	4997	2.18020833	5302	0.48521667	4235	3765	3636	13.68931898	599	0.85845040	2175	2107	2035	140	0.93542488	2060	1658	1601	459	0.77717881
19	1	0.0636	8.10867e-05	193222	12288	12288	180934	10321	5024	5019	2.18500623	5302	0.48631194	4249	3784	3659	13.40836303	590	0.86105162	2181	2122	2052	129	0.94070728	2068	1662	1607	461	0.77704340
19	1	0.0638	8.03299e-05	193274	12330	12330	180944	10355	5051	5046	2.19232580	5309	0.48731951	4270	3800	3668	13.88897299	602	0.85901621	2189	2129	2055	134	0.93880531	2081	1671	1613	468	0.77508620
19	1	0.064	7.9753e-05	193308	12371	12371	180937	10372	5071	5066	2.19604916	5306	0.48844747	4279	3809	3676	13.91837970	603	0.85919328	2191	2129	2055	136	0.93789769	2088	1680	1622	466	0.77660641
19	1	0.0642	7.90163e-05	193345	12412	12412	180933	10387	5095	5090	2.19938192	5297	0.49005127	4285	3825	3697	13.65655666	588	0.86278562	2190	2139	2067	123	0.94403687	2095	1686	1630	465	0.77784995
19	1	0.0644	7.82062e-05	193395	12454	12454	180941	10415	5112	5107	2.20534067	5308	0.49036354	4302	3834	3699	14.10612835	603	0.85985815	2199	2139	2064	135	0.93849219	2103	1695	1635	468	0.77763453
19	1	0.0646	7.75943e-05	193441	12496	12496	180945	10444	5134	5129	2.21154626	5315	0.49110579	4320	3845	3703	14.54471508	617	0.85719378	2206	2144	2065	141	0.93602120	2114	1701	1638	476	0.77493584
19	1	0.0648	7.6839e-05	193488	12538	12538	180950	10472	5157	5152	2.21754577	5320	0.49198647	4336	3862	3717	14.72148214	619	0.85727207	2212	2153	2072	140	0.93681662	2124	1709	1645	479	0.77443189
19	1	0.065	7.60208e-05	193533	12579	12579	180954	10494	5177	5172	2.22226717	5322	0.49285891	4351	3872	3722	15.00981538	629	0.85551731	2221	2155	2072	149	0.93278435	2130	1717	1651	479	0.77494918
19	1	0.0652	7.52304e-05	193583	12620	12620	180963	10525	5205	5200	2.22890768	5325	0.49406478	4367	3884	3732	15.12139723	635	0.85460666	2232	2161	2076	156	0.93031671	2135	1723	1656	479	0.77545686
19	1	0.0654	7.43738e-05	193648	12664	12664	180984	10559	5228	5223	2.23614163	5336	0.49464907	4386	3897	3742	15.24544803	644	0.85325811	2238	2166	2080	158	0.92943071	2148	1731	1662	486	0.77389393
19	1	0.0656	7.37054e-05	193688	12705	12705	180983	10583	5249	5244	2.24126631	5339	0.49550946	4398	3913	3762	15.04960763	636	0.85534646	2243	2177	2093	150	0.93307509	2155	1736	1669	486	0.77444376
19	1	0.0658	7.30647e-05	193737	12747	12747	180990	10604	5275	5270	2.24576868	5334	0.49697817	4412	3931	3781	15.03354791	631	0.85689228	2246	2187	2103	143	0.93647831	2166	1744	1677	489	0.77436679
19	1	0.066	7.23935e-05	193793	12790	12790	181003	10634	5299	5294	2.25214676	5340	0.49783034	4427	3945	3792	15.23809325	635	0.85645239	2247	2194	2109	138	0.93842440	2180	1751	1683	497	0.77196106
19	1	0.0662	7.2048e-05	193811	12829	12829	180982	10642	5315	5310	2.25386095	5332	0.49895885	4431	3955	3801	15.31031551	630	0.85784151	2247	2200	2114	133	0.94098332	2184	1755	1687	497	0.77230137
19	1	0.0664	7.12839e-05	193873	12873	12873	181000	10681	5342	5337	2.26213012	5344	0.49966134	4458	3971	3810	15.69255742	648	0.85469692	2263	2208	2119	144	0.93619611	2195	1763	1692	503	0.77067293
19	1	0.0666	7.06072e-05	193923	12915	12915	181008	10707	5365	5360	2.26764014	5347	0.50059380	4476	3984	3817	16.04144892	659	0.85281178	2274	2214	2121	153	0.93284845	2202	1770	1696	506	0.77015810
19	1	0.0668	7.00751e-05	193953	12956	12956	180997	10719	5385	5380	2.27017126	5339	0.50189816	4483	3994	3829	15.95980958	654	0.85409012	2273	2214	2122	151	0.93377567	2210	1780	1706	504	0.77213298
19	1	0.067	6.92152e-05	194018	12999	12999	181019	10751	5407	5402	2.27694173	5349	0.50244773	4500	4011	3848	15.85202186	652	0.85503436	2282	2224	2133	149	0.93489441	2218	1787	1714	504	0.77286997
19	1	0.0672	6.85569e-05	194063	13041	13041	181022	10771	5428	5423	2.28115448	5348	0.50346267	4508	4022	3858	15.90524582	650	0.85577211	2281	2226	2135	146	0.93605172	2227	1796	1723	504	0.77354590
19	1	0.0674	6.80205e-05	194093	13081	13081	181012	10786	5441	5436	2.28431676	5350	0.50396644	4513	4030	3868	15.78980240	645	0.85704683	2276	2222	2133	143	0.93699363	2237	1808	1735	502	0.77570624
19	1	0.0676	6.73454e-05	194134	13123	13123	181011	10807	5469	5464	2.28869996	5343	0.50557620	4523	4053	3896	15.54280650	627	0.86140204	2276	2240	2153	123	0.94608823	2247	1813	1743	504	0.77562288
19	1	0.0678	6.67868e-05	194194	13166	13166	181028	10832	5491	5486	2.29395133	5346	0.50643814	4537	4066	3906	15.74144953	631	0.86095050	2281	2246	2158	123	0.94594101	2256	1820	1748	508	0.77501816
19	1	0.068	6.61934e-05	194244	13208	13208	181036	10864	5514	5509	2.30069386	5355	0.50706066	4557	4082	3918	16.01480104	639	0.85969172	2294	2257	2166	128	0.94424984	2263	1825	1752	511	0.77397528
19	1	0.0682	6.57263e-05	194273	13249	13249	181024	10877	5532	5527	2.30337757	5350	0.50810836	4564	4093	3930	15.93957166	634	0.86115191	2295	2264	2174	121	0.94727788	2269	1829	1756	513	0.77403905
19	1	0.0684	6.51703e-05	194316	13291	13291	181025	10902	5554	5549	2.30860911	5353	0.50895895	4577	4106	3944	15.87152122	633	0.86180012	2301	2272	2183	118	0.94855000	2276	1834	1762	514	0.77409737
19	1	0.0686	6.47814e-05	194345	13332	13332	181013	10916	5575	5570	2.31146571	5346	0.51022878	4587	4118	3957	15.86483242	630	0.86265475	2306	2275	2186	120	0.94798511	2281	1843	1771	510	0.77638917
19	1	0.0688	6.44133e-05	194378	13373	13373	181005	10930	5595	5590	2.31431688	5340	0.51140386	4593	4129	3969	15.80666511	624	0.86418122	2307	2277	2189	118	0.94879377	2286	1852	1780	506	0.77879139
19	1	0.069	6.39059e-05	194433	13415	13415	181018	10961	5619	5614	2.32080455	5347	0.51214434	4612	4139	3976	15.98813887	636	0.86204431	2318	2274	2184	134	0.94232452	2294	1865	1791	503	0.78092421
19	1	0.0692	6.35055e-05	194466	13457	13457	181009	10976	5644	5639	2.32379652	5337	0.51372087	4621	4155	3992	16.02167213	629	0.86392683	2324	2286	2196	128	0.94510924	2297	1869	1796	501	0.78179018
19	1	0.0694	6.27246e-05	194528	13500	13500	181028	11005	5669	5664	2.32982028	5341	0.51463628	4636	4166	4003	16.00895980	633	0.86342065	2328	2285	2195	133	0.94308280	2308	1881	1807	501	0.78306820
19	1	0.0696	6.21862e-05	194572	13541	13541	181031	11027	5692	5687	2.33433283	5340	0.51569341	4650	4177	4012	16.13462299	638	0.86272085	2337	2285	2195	142	0.93904470	2313	1892	1817	496	0.78560506
19	1	0.0698	6.174e-05	194609	13583	13583	181026	11050	5715	5710	2.33905396	5340	0.51669947	4666	4191	4023	16.35806300	643	0.86211756	2348	2292	2200	148	0.93693634	2318	1899	1823	495	0.78633046
19	1	0.07	6.12254e-05	194649	13625	13625	181024	11070	5737	5732	2.34312218	5338	0.51775160	4675	4205	4037	16.38600933	638	0.86343645	2350	2302	2210	140	0.94033683	2325	1903	1827	498	0.78570917
19	1	0.0702	6.072e-05	194687	13666	13666	181021	11091	5755	5749	2.34746191	5342	0.51839237	4689	4217	4048	16.40420725	641	0.86332044	2357	2308	2216	141	0.93999356	2332	1909	1833	499	0.78582536
19	1	0.0704	6.02193e-05	194724	13708	13708	181016	11113	5781	5775	2.35188860	5338	0.51970387	4703	4231	4060	16.54417504	643	0.86329744	2367	2313	2220	147	0.93771266	2336	1918	1841	495	0.78789468
19	1	0.0706	5.96877e-05	194755	13749	13749	181006	11129	5804	5798	2.35502660	5331	0.52102204	4713	4248	4080	16.41164628	633	0.86564876	2372	2320	2228	144	0.93935109	2341	1928	1852	489	0.79097045
19	1	0.0708	5.90396e-05	194804	13792	13792	181012	11156	5825	5819	2.36061939	5337	0.52164109	4730	4260	4088	16.64745335	642	0.86421736	2381	2324	2230	151	0.93659375	2349	1936	1858	491	0.79085500
19	1	0.071	5.86176e-05	194843	13833	13833	181010	11176	5849	5843	2.36460106	5333	0.52285336	4744	4273	4100	16.69706276	644	0.86418954	2389	2328	2234	155	0.93494835	2355	1945	1866	489	0.79240916
19	1	0.0712	5.79836e-05	194905	13876	13876	181029	11204	5869	5863	2.37042474	5341	0.52332931	4762	4286	4107	17.06345046	655	0.86240661	2396	2334	2236	160	0.93339042	2366	1952	1870	496	0.79052275
19	1	0.0714	5.76379e-05	194938	13918	13918	181020	11220	5894	5888	2.37347640	5332	0.52480991	4771	4298	4117	17.19817506	654	0.86287869	2403	2334	2236	167	0.93033600	2368	1964	1881	487	0.79442432
19	1	0.0716	5.71611e-05	194992	13961	13961	181031	11241	5919	5913	2.37762309	5328	0.52605173	4780	4312	4135	16.99250195	645	0.86503932	2403	2340	2244	159	0.93378540	2377	1972	1891	486	0.79554128
19	1	0.0718	5.6618e-05	195044	14004	14004	181040	11265	5938	5932	2.38256137	5333	0.52661554	4793	4321	4143	17.04568493	650	0.86435196	2410	2340	2244	166	0.93092051	2383	1981	1899	484	0.79702917
19	1	0.072	5.60872e-05	195086	14046	14046	181040	11286	5965	5959	2.38663985	5327	0.52802628	4805	4340	4166	16.84784323	639	0.86698231	2414	2353	2259	155	0.93561798	2391	1987	1907	484	0.79768640
19	1	0.0722	5.56055e-05	195137	14088	14088	181049	11311	5988	5982	2.39169536	5329	0.52889050	4818	4355	4179	17.02303326	639	0.86733784	2420	2362	2266	154	0.93655106	2398	1993	1912	486	0.79748964
19	1	0.0724	5.51862e-05	195177	14129	14129	181048	11338	6014	6008	2.39711818	5330	0.52992190	4835	4372	4195	17.04517907	640	0.86768188	2429	2374	2278	151	0.93784281	2406	1998	1917	489	0.79685025
19	1	0.0726	5.47609e-05	195224	14173	14173	181051	11362	6041	6035	2.40182854	5327	0.53117690	4853	4392	4221	16.70298008	632	0.86981855	2443	2390	2297	146	0.94026671	2410	2002	1924	486	0.79840575
19	1	0.0728	5.42412e-05	195277	14214	14214	181063	11388	6064	6058	2.40708387	5330	0.53198162	4867	4405	4236	16.57488980	631	0.87035352	2450	2400	2308	142	0.94201166	2417	2005	1928	489	0.79771700
19	1	0.073	5.37514e-05	195330	14258	14258	181072	11409	6089	6083	2.41114618	5326	0.53319197	4880	4419	4248	16.74267686	632	0.87040920	2459	2405	2312	147	0.94010388	2421	2014	1936	485	0.79962059
19	1	0.0732	5.34045e-05	195365	14300	14300	181065	11424	6110	6104	2.41394868	5320	0.53432893	4891	4438	4271	16.55771385	620	0.87314989	2466	2418	2327	139	0.94354451	2425	2020	1944	481	0.80156509
19	1	0.0734	5.30394e-05	195399	14341	14341	181058	11437	6132	6126	2.41625382	5311	0.53564419	4899	4450	4286	16.35986954	613	0.87491763	2472	2424	2335	137	0.94449300	2427	2026	1951	476	0.80405223
19	1	0.0736	5.24542e-05	195468	14386	14386	181082	11479	6154	6148	2.42514728	5331	0.53559714	4926	4466	4294	16.82267250	632	0.87178669	2486	2430	2337	149	0.93992040	2440	2036	1958	482	0.80236850
19	1	0.0738	5.20249e-05	195506	14428	14428	181078	11503	6179	6173	2.42985121	5330	0.53665102	4941	4482	4312	16.74803804	629	0.87260028	2498	2438	2345	153	0.93885736	2443	2044	1966	477	0.80485153
19	1	0.074	5.16704e-05	195534	14469	14469	181065	11523	6206	6200	2.43356643	5323	0.53806116	4954	4500	4331	16.71605486	623	0.87415377	2509	2451	2359	150	0.94009983	2445	2049	1972	473	0.80648151
19	1	0.0742	5.12213e-05	195577	14511	14511	181066	11547	6229	6223	2.43831083	5324	0.53893268	4970	4513	4332	17.44903928	638	0.87166761	2518	2458	2360	158	0.93706155	2452	2055	1973	479	0.80451348
19	1	0.0744	5.07994e-05	195619	14554	14554	181065	11568	6257	6251	2.44219012	5317	0.54037316	4985	4531	4352	17.37252122	633	0.87297044	2530	2470	2372	158	0.93766363	2455	2061	1979	476	0.80630088
19	1	0.0746	5.04542e-05	195650	14595	14595	181055	11588	6283	6277	2.44588916	5311	0.54168266	4992	4549	4377	16.98501858	615	0.87685927	2531	2480	2386	145	0.94286187	2461	2069	1991	470	0.80897931
19	1	0.0748	5.00454e-05	195693	14637	14637	181056	11611	6301	6295	2.45055083	5316	0.54215794	5007	4558	4381	17.28228999	626	0.87496532	2536	2479	2383	153	0.93955323	2471	2079	1998	473	0.80867842
19	1	0.075	4.96737e-05	195733	14679	14679	181054	11632	6323	6317	2.45460395	5315	0.54306878	5019	4571	4392	17.40113062	627	0.87515097	2539	2486	2389	150	0.94086513	2480	2085	2004	476	0.80787344
19	1	0.0752	4.92253e-05	195791	14723	14723	181068	11669	6347	6341	2.46227424	5328	0.54340032	5036	4589	4410	17.42267488	626	0.87560678	2541	2499	2401	140	0.94501427	2495	2090	2008	487	0.80491962
19	1	0.0754	4.88103e-05	195841	14766	14766	181075	11694	6367	6361	2.46731635	5333	0.54394677	5053	4598	4414	17.63949183	639	0.87358258	2553	2501	2401	152	0.94047483	2500	2097	2013	487	0.80527223
19	1	0.0756	4.82909e-05	195907	14810	14810	181097	11729	6388	6382	2.47463293	5347	0.54411095	5076	4608	4416	18.04064405	660	0.86994693	2565	2503	2399	166	0.93513730	2511	2105	2017	494	0.80335461
19	1	0.0758	4.79081e-05	195948	14852	14852	181096	11748	6416	6410	2.47797485	5338	0.54561294	5086	4625	4434	18.00979372	652	0.87186939	2568	2513	2409	159	0.93823908	2518	2112	2025	493	0.80418180
19	1	0.076	4.73796e-05	196023	14897	14897	181126	11784	6446	6440	2.48517020	5344	0.54648890	5105	4641	4444	18.40556537	661	0.87046683	2568	2523	2416	152	0.94071623	2537	2118	2028	509	0.79935905
19	1	0.0762	4.68074e-05	196090	14941	14941	181149	11817	6466	6460	2.49205705	5357	0.54665236	5124	4653	4452	18.58969734	672	0.86881371	2576	2527	2418	158	0.93856017	2548	2126	2034	514	0.79830081
19	1	0.0764	4.65313e-05	196126	14983	14983	181143	11838	6485	6479	2.49619008	5359	0.54728588	5132	4666	4466	18.54478204	666	0.87025508	2575	2531	2423	152	0.94081317	2557	2135	2044	513	0.79920028
19	1	0.0766	4.61911e-05	196167	15026	15026	181141	11862	6502	6496	2.50109919	5366	0.54760966	5145	4678	4479	18.48164744	666	0.87059512	2579	2537	2429	150	0.94191240	2566	2141	2050	516	0.79891652
19	1	0.0768	4.57877e-05	196218	15069	15069	181149	11889	6526	6520	2.50642205	5369	0.54838247	5165	4690	4484	18.83375354	681	0.86824654	2591	2541	2430	161	0.93772997	2574	2149	2055	519	0.79830421
19	1	0.077	4.53973e-05	196263	15112	15112	181151	11909	6547	6541	2.51022717	5368	0.54922328	5178	4704	4498	18.88820063	680	0.86863639	2600	2550	2438	162	0.93777701	2578	2154	2060	518	0.79890573
19	1	0.0772	4.49737e-05	196319	15155	15155	181164	11939	6570	6564	2.51628195	5375	0.54976712	5194	4716	4504	19.20813895	690	0.86717533	2606	2556	2441	165	0.93674526	2588	2160	2063	525	0.79712154
19	1	0.0774	4.46616e-05	196356	15197	15197	181159	11955	6591	6585	2.51913722	5370	0.55078673	5203	4724	4510	19.31222274	693	0.86682023	2610	2557	2441	169	0.93532641	2593	2167	2069	524	0.79786492
19	1	0.0776	4.43603e-05	196387	15239	15239	181148	11970	6620	6614	2.52139322	5356	0.55251830	5211	4737	4526	19.19629956	685	0.86860224	2612	2561	2447	165	0.93686074	2599	2176	2079	520	0.80000232
19	1	0.0778	4.40184e-05	196435	15282	15282	181153	11995	6640	6634	2.52638653	5361	0.55303200	5228	4748	4531	19.48220393	697	0.86675854	2620	2565	2448	172	0.93434890	2608	2183	2083	525	0.79885719
19	1	0.078	4.36912e-05	196486	15325	15325	181161	12021	6656	6650	2.53179373	5371	0.55316459	5241	4755	4536	19.57583300	705	0.86542664	2626	2563	2445	181	0.93099593	2615	2192	2091	524	0.79958153
19	1	0.0782	4.33877e-05	196524	15368	15368	181156	12041	6677	6671	2.53555804	5370	0.55398824	5252	4766	4546	19.62176896	706	0.86556046	2632	2568	2449	183	0.93063037	2620	2198	2097	523	0.80019251
19	1	0.0784	4.30891e-05	196555	15409	15409	181146	12058	6700	6694	2.53851252	5364	0.55511341	5260	4776	4558	19.51764335	702	0.86656350	2635	2569	2452	183	0.93047627	2625	2207	2106	519	0.80240725
19	1	0.0786	4.26867e-05	196597	15452	15452	181145	12081	6723	6717	2.54287642	5364	0.55595856	5271	4791	4573	19.57911705	698	0.86763994	2638	2581	2464	174	0.93394133	2633	2210	2110	523	0.80121265
19	1	0.0788	4.22444e-05	196643	15495	15495	181148	12107	6747	6741	2.54789702	5366	0.55674484	5284	4802	4578	19.90111114	706	0.86648344	2643	2586	2466	177	0.93289395	2641	2216	2113	528	0.80002263
19	1	0.079	4.17579e-05	196711	15540	15540	181171	12146	6774	6767	2.55585531	5379	0.55717679	5302	4817	4592	19.95054961	710	0.86613997	2648	2591	2470	178	0.93282588	2654	2226	2122	532	0.79960481
19	1	0.0792	4.14673e-05	196740	15581	15581	181159	12160	6794	6787	2.55820656	5373	0.55817905	5311	4827	4604	19.84191704	707	0.86695152	2651	2593	2473	178	0.93301066	2660	2234	2131	529	0.80111589
19	1	0.0794	4.10919e-05	196793	15625	15625	181168	12189	6820	6813	2.56382440	5376	0.55898175	5325	4840	4618	19.78373481	707	0.86729421	2660	2595	2476	184	0.93088584	2665	2245	2142	523	0.80382189
19	1	0.0796	4.06818e-05	196849	15668	15668	181181	12210	6848	6841	2.56742151	5369	0.56031205	5339	4854	4635	19.61077810	704	0.86812848	2666	2598	2481	185	0.93051452	2673	2256	2154	519	0.80590581
19	1	0.0798	4.03666e-05	196896	15712	15712	181184	12234	6873	6866	2.57187564	5368	0.56125447	5355	4870	4646	19.90739990	709	0.86761151	2680	2607	2487	193	0.92803009	2675	2263	2159	516	0.80708001
19	1	0.08	4.0079e-05	196930	15754	15754	181176	12254	6896	6889	2.57546588	5365	0.56221387	5368	4882	4653	20.19989496	715	0.86688239	2689	2610	2488	201	0.92517655	2679	2272	2166	513	0.80837063
19	1	0.0802	3.98367e-05	196971	15797	15797	181174	12274	6918	6911	2.57910004	5363	0.56308865	5380	4893	4662	20.32163907	718	0.86655283	2697	2612	2489	208	0.92277184	2683	2281	2173	510	0.81004047
19	1	0.0804	3.95549e-05	197016	15839	15839	181177	12283	6939	6932	2.58012941	5351	0.56438532	5385	4907	4684	19.94901808	701	0.86980378	2692	2621	2502	190	0.92935771	2693	2286	2182	511	0.81027196
19	1	0.0806	3.92209e-05	197065	15883	15883	181182	12303	6963	6956	2.58363229	5347	0.56541712	5395	4916	4694	19.86826697	701	0.87013439	2691	2623	2505	186	0.93078741	2704	2293	2190	514	0.80977297
19	1	0.0808	3.89003e-05	197107	15926	15926	181181	12326	6983	6976	2.58807526	5350	0.56598279	5408	4924	4700	19.95777634	708	0.86913254	2696	2625	2506	190	0.92942439	2712	2299	2195	517	0.80919638
19	1	0.081	3.85228e-05	197169	15970	15970	181199	12359	7004	6997	2.59487940	5362	0.56616786	5427	4934	4709	19.96305714	718	0.86766258	2700	2629	2509	191	0.92926240	2727	2305	2200	527	0.80667265
19	1	0.0812	3.82046e-05	197217	16014	16014	181203	12387	7030	7023	2.60018824	5364	0.56698483	5441	4951	4724	20.10017479	717	0.86819786	2706	2640	2519	187	0.93085202	2735	2311	2205	530	0.80620804
19	1	0.0814	3.7998e-05	197259	16056	16056	181203	12407	7055	7048	2.60360469	5359	0.56808441	5452	4961	4733	20.16710767	719	0.86809827	2710	2640	2519	191	0.92937320	2742	2321	2214	528	0.80753843
19	1	0.0816	3.77371e-05	197291	16098	16098	181193	12425	7072	7065	2.60699086	5360	0.56862822	5463	4972	4744	20.13918716	719	0.86844424	2716	2643	2522	194	0.92855881	2747	2329	2222	525	0.80900806
19	1	0.0818	3.74539e-05	197329	16141	16141	181188	12443	7090	7083	2.61031490	5360	0.56925085	5473	4981	4753	20.15734155	720	0.86844504	2721	2647	2526	195	0.92827498	2752	2334	2227	525	0.80928906
19	1	0.082	3.71284e-05	197389	16182	16182	181207	12467	7105	7098	2.61527498	5369	0.56935610	5483	4990	4763	20.11597141	720	0.86861732	2717	2646	2525	192	0.92949356	2766	2344	2237	529	0.80881951
19	1	0.0822	3.67961e-05	197437	16229	16229	181208	12493	7135	7128	2.61982800	5365	0.57057061	5495	5008	4785	19.93994683	710	0.87072888	2719	2655	2537	182	0.93291407	2776	2353	2248	528	0.80982055
19	1	0.0824	3.64822e-05	197480	16271	16271	181209	12519	7157	7150	2.62485234	5369	0.57114085	5511	5020	4793	20.09805124	718	0.86978881	2729	2662	2542	187	0.93141885	2782	2358	2252	530	0.80933288
19	1	0.0826	3.62142e-05	197533	16316	16316	181217	12542	7178	7171	2.62919996	5371	0.57176603	5523	5032	4804	20.19484683	719	0.86978346	2732	2666	2545	187	0.93159040	2791	2366	2259	532	0.80928308
19	1	0.0828	3.60079e-05	197556	16357	16357	181199	12557	7202	7195	2.63139527	5362	0.57299339	5530	5040	4808	20.40311547	722	0.86950861	2735	2662	2540	195	0.92857974	2795	2378	2269	526	0.81170556
19	1	0.083	3.57304e-05	197595	16400	16400	181195	12572	7226	7219	2.63357408	5353	0.57421783	5536	5050	4822	20.24842603	714	0.87093804	2736	2661	2541	195	0.92858303	2800	2389	2281	519	0.81461064
19	1	0.0832	3.54768e-05	197635	16443	16443	181192	12593	7247	7240	2.63740804	5353	0.57492626	5548	5061	4834	20.18049200	714	0.87131496	2740	2664	2545	195	0.92866471	2808	2397	2290	518	0.81535402
19	1	0.0834	3.52237e-05	197668	16485	16485	181183	12613	7269	7262	2.64092510	5351	0.57575739	5557	5074	4848	20.16987680	709	0.87235055	2741	2673	2554	187	0.93168884	2816	2401	2294	522	0.81459264
19	1	0.0836	3.48884e-05	197721	16529	16529	181192	12645	7294	7287	2.64720456	5358	0.57627479	5572	5084	4855	20.22964889	717	0.87136724	2742	2672	2552	190	0.93062732	2830	2412	2303	527	0.81394988
19	1	0.0838	3.45227e-05	197781	16572	16572	181209	12684	7318	7311	2.65527713	5373	0.57639167	5592	5093	4858	20.48587469	734	0.86879858	2750	2671	2548	202	0.92651783	2842	2422	2310	532	0.81294779
19	1	0.084	3.42757e-05	197816	16616	16616	181200	12698	7341	7334	2.65722888	5364	0.57756667	5601	5110	4882	20.21272412	719	0.87155420	2753	2682	2562	191	0.93066126	2848	2428	2319	529	0.81441876
19	1	0.0842	3.3987e-05	197863	16659	16659	181204	12723	7359	7352	2.66222889	5371	0.57784446	5616	5121	4892	20.20996443	724	0.87112476	2762	2686	2566	196	0.92904129	2854	2435	2326	528	0.81507520
19	1	0.0844	3.37808e-05	197894	16702	16702	181192	12738	7376	7369	2.66481388	5369	0.57849751	5623	5132	4902	20.38413748	721	0.87170042	2764	2689	2568	196	0.92918342	2859	2443	2333	526	0.81612748
19	1	0.0846	3.35525e-05	197932	16745	16745	181187	12754	7397	7390	2.66737160	5364	0.57941726	5628	5144	4915	20.33893758	713	0.87339082	2763	2695	2575	188	0.93205092	2865	2449	2340	525	0.81681915
19	1	0.0848	3.32917e-05	197974	16788	16788	181186	12770	7417	7410	2.66998853	5360	0.58025637	5635	5155	4931	20.16286259	704	0.87498746	2764	2702	2584	180	0.93500598	2871	2453	2346	525	0.81720579
19	1	0.085	3.30268e-05	198029	16832	16832	181197	12801	7443	7436	2.67592410	5365	0.58087978	5651	5170	4943	20.29862595	708	0.87478763	2770	2708	2589	181	0.93477327	2881	2462	2354	527	0.81711312
19	1	0.0852	3.27751e-05	198072	16874	16874	181198	12820	7467	7460	2.67899701	5360	0.58188968	5665	5181	4947	20.74303140	718	0.87327219	2779	2711	2589	190	0.93148727	2886	2470	2358	528	0.81721547
19	1	0.0854	3.25539e-05	198111	16918	16918	181193	12833	7494	7487	2.68034126	5346	0.58340361	5672	5200	4971	20.53877970	701	0.87644728	2780	2726	2606	174	0.93743191	2892	2474	2365	527	0.81782444
19	1	0.0856	3.23355e-05	198145	16961	16961	181184	12849	7515	7508	2.68284852	5341	0.58431046	5679	5210	4983	20.44966222	696	0.87750963	2779	2731	2612	167	0.93998124	2900	2479	2371	529	0.81764458
19	1	0.0858	3.19687e-05	198221	17007	17007	181214	12896	7544	7537	2.69256048	5359	0.58442563	5702	5228	4999	20.57276557	703	0.87663773	2792	2741	2621	171	0.93865374	2910	2487	2378	532	0.81713646
19	1	0.086	3.1707e-05	198267	17050	17050	181217	12915	7563	7556	2.69595822	5359	0.58503559	5712	5239	5012	20.48690805	700	0.87740401	2792	2742	2623	169	0.93948846	2920	2497	2389	531	0.81804106
19	1	0.0862	3.1445e-05	198304	17093	17093	181211	12934	7578	7571	2.69964477	5363	0.58533438	5721	5247	5018	20.59230471	703	0.87707944	2793	2743	2623	170	0.93919265	2928	2504	2395	533	0.81783006
19	1	0.0864	3.12406e-05	198337	17136	17136	181201	12949	7603	7596	2.70158367	5353	0.58658618	5734	5263	5033	20.68099279	701	0.87783089	2804	2752	2632	172	0.93865414	2930	2511	2401	529	0.81962325
19	1	0.0866	3.0967e-05	198382	17179	17179	181203	12971	7630	7623	2.70512504	5348	0.58767137	5747	5279	5050	20.61302107	697	0.87874586	2809	2762	2642	167	0.94064286	2938	2517	2408	530	0.81956660
19	1	0.0868	3.07178e-05	198427	17223	17223	181204	12988	7646	7639	2.70822084	5349	0.58813278	5759	5287	5055	20.76491634	704	0.87783226	2813	2759	2638	175	0.93784545	2946	2528	2417	529	0.82052843
19	1	0.087	3.04817e-05	198465	17266	17266	181199	13012	7670	7663	2.71247959	5349	0.58889068	5772	5302	5069	20.90439235	703	0.87818194	2819	2765	2643	176	0.93771565	2953	2537	2425	528	0.82134974
19	1	0.0872	3.02545e-05	198512	17309	17309	181203	13037	7692	7685	2.71713941	5352	0.58944698	5783	5311	5075	21.06282584	708	0.87759520	2821	2764	2641	180	0.93628072	2962	2547	2434	528	0.82170328
19	1	0.0874	3.00318e-05	198559	17354	17354	181205	13064	7717	7710	2.72207212	5354	0.59014034	5794	5324	5082	21.42234030	712	0.87714704	2822	2764	2638	184	0.93496182	2972	2560	2444	528	0.82225024
19	1	0.0876	2.97988e-05	198605	17397	17397	181208	13077	7735	7728	2.72398066	5349	0.59092935	5800	5334	5097	21.20160586	703	0.87884822	2822	2767	2644	178	0.93700306	2978	2567	2453	525	0.82373978
19	1	0.0878	2.95615e-05	198649	17441	17441	181208	13101	7753	7746	2.72868645	5355	0.59121880	5812	5342	5101	21.43972515	711	0.87767989	2827	2771	2646	181	0.93598435	2985	2571	2455	530	0.82246156
19	1	0.088	2.93591e-05	198684	17484	17484	181200	13122	7773	7766	2.73246866	5356	0.59179522	5823	5354	5115	21.33659344	708	0.87834160	2829	2775	2651	178	0.93704816	2994	2579	2464	530	0.82287036
19	1	0.0882	2.91496e-05	198720	17527	17527	181193	13138	7793	7786	2.73496952	5352	0.59259577	5830	5362	5123	21.32540313	707	0.87871764	2828	2774	2650	178	0.93716949	3002	2588	2473	529	0.82365373
19	1	0.0884	2.89113e-05	198760	17570	17570	181190	13160	7815	7808	2.73883808	5352	0.59327523	5845	5373	5131	21.51703889	714	0.87776447	2842	2775	2650	192	0.93236204	3003	2598	2481	522	0.82609403
19	1	0.0886	2.86781e-05	198810	17614	17614	181196	13178	7837	7829	2.74167597	5349	0.59413314	5853	5383	5141	21.50536087	712	0.87834828	2843	2778	2653	190	0.93320333	3010	2605	2488	522	0.82653668
19	1	0.0888	2.8471e-05	198850	17657	17657	181193	13200	7863	7855	2.74520553	5345	0.59511116	5864	5397	5159	21.33801918	705	0.87969578	2845	2785	2662	183	0.93565767	3019	2612	2497	522	0.82695925
19	1	0.089	2.82998e-05	198878	17696	17696	181182	13211	7887	7879	2.74605698	5332	0.59643196	5869	5405	5170	21.17896887	699	0.88090029	2841	2783	2662	179	0.93699470	3028	2622	2508	520	0.82827009
19	1	0.0892	2.81417e-05	198900	17741	17741	181159	13221	7911	7903	2.74662948	5318	0.59779590	5875	5420	5187	21.14576962	688	0.88286517	2843	2790	2670	173	0.93913994	3032	2630	2517	515	0.83009829
19	1	0.0894	2.79135e-05	198948	17785	17785	181163	13246	7938	7930	2.75080830	5316	0.59870426	5887	5435	5201	21.25797191	686	0.88342197	2846	2800	2679	167	0.94142520	3041	2635	2521	520	0.82913812
19	1	0.0896	2.77588e-05	198979	17828	17828	181151	13259	7960	7952	2.75229480	5307	0.59977589	5894	5447	5215	21.17135964	679	0.88478783	2850	2803	2684	166	0.94160799	3044	2644	2531	513	0.83158893
19	1	0.0898	2.75623e-05	199023	17868	17868	181155	13276	7979	7971	2.75506753	5305	0.60043788	5904	5457	5220	21.50084730	684	0.88417659	2855	2805	2683	172	0.93984917	3049	2652	2537	512	0.83204632
19	1	0.09	2.73679e-05	199072	17916	17916	181156	13304	8002	7994	2.76034727	5310	0.60090079	5914	5472	5242	21.10805326	672	0.88640301	2852	2816	2698	154	0.94590949	3062	2656	2544	518	0.83097764
19	1	0.0902	2.71466e-05	199117	17959	17959	181158	13327	8021	8013	2.76467294	5314	0.60128763	5927	5485	5255	21.15977909	672	0.88659524	2858	2823	2705	153	0.94630764	3069	2662	2550	519	0.83098819
19	1	0.0904	2.69508e-05	199153	18002	18002	181151	13346	8052	8044	2.76689519	5302	0.60275349	5935	5497	5268	21.14787048	667	0.88758819	2860	2828	2710	150	0.94758870	3075	2669	2558	517	0.83178283
19	1	0.0906	2.67529e-05	199200	18047	18047	181153	13368	8072	8064	2.77086194	5304	0.60325599	5946	5507	5278	21.15103686	668	0.88769234	2862	2832	2714	148	0.94840956	3084	2675	2564	520	0.83134582
19	1	0.0908	2.65605e-05	199244	18091	18091	181153	13392	8096	8088	2.77499005	5304	0.60396530	5958	5521	5295	21.01236799	663	0.88867053	2867	2841	2725	142	0.95031388	3091	2680	2570	521	0.83149438
19	1	0.091	2.6414e-05	199271	18133	18133	181138	13403	8116	8108	2.77606637	5295	0.60496138	5964	5532	5314	20.53881516	650	0.89102522	2872	2842	2730	142	0.95057218	3092	2690	2584	508	0.83571511
19	1	0.0912	2.62319e-05	199316	18177	18177	181139	13427	8143	8135	2.77990553	5292	0.60588933	5981	5541	5314	21.02517661	667	0.88842793	2887	2837	2721	166	0.94236773	3094	2704	2593	501	0.83809690
19	1	0.0914	2.60386e-05	199361	18221	18221	181140	13449	8169	8161	2.78330011	5288	0.60683004	5992	5555	5327	21.10185885	665	0.88903876	2890	2845	2728	162	0.94404537	3102	2710	2599	503	0.83779147
19	1	0.0916	2.58523e-05	199406	18265	18265	181141	13467	8190	8182	2.78609488	5285	0.60757717	6000	5565	5338	21.08490698	662	0.88965299	2892	2849	2733	159	0.94493271	3108	2716	2605	503	0.83821510
19	1	0.0918	2.56194e-05	199463	18310	18310	181153	13501	8214	8206	2.79282556	5295	0.60782195	6017	5579	5344	21.58547638	673	0.88822143	2894	2860	2740	154	0.94670006	3123	2719	2605	518	0.83403086
19	1	0.092	2.53909e-05	199512	18355	18355	181157	13533	8243	8235	2.79855863	5298	0.60852525	6036	5598	5359	21.85166617	677	0.88790648	2904	2876	2753	151	0.94814734	3132	2722	2606	526	0.83205097
19	1	0.0922	2.52017e-05	199562	18399	18399	181163	13562	8269	8261	2.80377561	5301	0.60913899	6052	5614	5372	22.01257309	680	0.88766470	2913	2888	2764	149	0.94870713	3139	2726	2609	530	0.83101716
19	1	0.0924	2.50493e-05	199602	18443	18443	181159	13579	8291	8283	2.80618913	5296	0.60999555	6061	5629	5392	21.81789481	669	0.88956090	2915	2897	2775	140	0.95191606	3146	2732	2617	529	0.83178426
19	1	0.0926	2.49307e-05	199638	18486	18486	181152	13597	8315	8307	2.80866689	5290	0.61095210	6066	5640	5408	21.55067125	658	0.89154574	2911	2901	2782	129	0.95559189	3155	2739	2626	529	0.83245277
19	1	0.0928	2.46997e-05	199696	18531	18531	181165	13629	8336	8328	2.81514540	5301	0.61105578	6082	5651	5416	21.67302373	666	0.89048188	2915	2906	2785	130	0.95543962	3167	2745	2631	536	0.83069287
19	1	0.093	2.45259e-05	199747	18575	18575	181172	13651	8355	8347	2.81915910	5304	0.61146119	6089	5659	5427	21.47169185	662	0.89131407	2913	2906	2787	126	0.95673612	3176	2753	2640	536	0.83130953
19	1	0.0932	2.43742e-05	199783	18619	18619	181164	13669	8380	8372	2.82152198	5297	0.61248397	6093	5672	5446	21.25178995	647	0.89376663	2912	2910	2794	118	0.95944638	3181	2762	2652	529	0.83364106
19	1	0.0934	2.41966e-05	199821	18663	18663	181158	13690	8402	8394	2.82496758	5296	0.61315004	6104	5684	5457	21.40027427	647	0.89392367	2914	2910	2794	120	0.95865940	3190	2774	2663	527	0.83478890
19	1	0.0936	2.39965e-05	199868	18703	18703	181165	13716	8419	8411	2.83023535	5305	0.61322501	6116	5694	5466	21.39993442	650	0.89375944	2921	2913	2796	125	0.95736950	3195	2781	2670	525	0.83560453
19	1	0.0938	2.38135e-05	199920	18752	18752	181168	13744	8453	8445	2.83435702	5299	0.61444783	6131	5713	5485	21.44482838	646	0.89470940	2928	2921	2805	123	0.95787663	3203	2792	2681	522	0.83696552
19	1	0.094	2.3631e-05	199956	18794	18794	181162	13763	8468	8460	2.83794927	5303	0.61468798	6138	5722	5491	21.76414592	647	0.89451390	2932	2926	2808	124	0.95758311	3206	2796	2683	523	0.83683488
19	1	0.0942	2.34494e-05	200008	18840	18840	181168	13792	8492	8484	2.84332029	5308	0.61513342	6156	5740	5507	21.81134739	649	0.89463182	2943	2938	2819	124	0.95783916	3213	2802	2688	525	0.83673602
19	1	0.0944	2.3316e-05	200044	18884	18884	181160	13808	8509	8501	2.84590534	5307	0.61565074	6164	5751	5520	21.75162292	644	0.89552171	2943	2938	2820	123	0.95820164	3221	2813	2700	521	0.83825160
19	1	0.0946	2.31576e-05	200082	18927	18927	181155	13827	8532	8524	2.84868622	5303	0.61646703	6175	5761	5530	21.80376484	645	0.89546769	2948	2936	2818	130	0.95591127	3227	2825	2711	516	0.84024995
19	1	0.0948	2.2988e-05	200109	18969	18969	181140	13843	8548	8540	2.85136421	5303	0.61690923	6185	5766	5530	22.06389030	655	0.89413910	2954	2932	2812	142	0.95197080	3231	2834	2718	513	0.84126543
19	1	0.095	2.28272e-05	200142	19013	19013	181129	13864	8575	8567	2.85426101	5297	0.61792109	6196	5785	5552	22.00590004	644	0.89611927	2960	2942	2824	136	0.95394826	3236	2843	2729	507	0.84322255
19	1	0.0952	2.26113e-05	200186	19057	19057	181129	13883	8599	8591	2.85691502	5292	0.61880306	6204	5795	5563	21.95244424	641	0.89675395	2959	2942	2824	135	0.95452950	3245	2853	2739	506	0.84407050
19	1	0.0954	2.24625e-05	200222	19101	19101	181121	13899	8615	8607	2.85957990	5292	0.61924079	6211	5803	5576	21.68190159	635	0.89768515	2958	2940	2825	133	0.95495336	3253	2863	2751	502	0.84561034
19	1	0.0956	2.2269e-05	200275	19146	19146	181129	13922	8638	8630	2.86340637	5292	0.61986825	6221	5815	5592	21.36296074	629	0.89887802	2958	2943	2830	128	0.95676072	3263	2872	2762	501	0.84640575
19	1	0.0958	2.20851e-05	200332	19191	19191	181141	13951	8659	8651	2.86906264	5300	0.62008268	6236	5829	5605	21.40871886	631	0.89883501	2959	2952	2839	120	0.95931983	3277	2877	2767	510	0.84421964
19	1	0.096	2.19189e-05	200379	19236	19236	181143	13973	8680	8672	2.87282150	5301	0.62060774	6248	5841	5615	21.63006516	633	0.89863471	2961	2956	2841	120	0.95962826	3287	2885	2773	514	0.84369042
19	1	0.0962	2.17673e-05	200407	19279	19279	181128	13985	8700	8692	2.87396773	5293	0.62150485	6253	5851	5623	21.83243557	630	0.89920290	2961	2961	2845	116	0.96098371	3292	2890	2777	515	0.84363394
19	1	0.0964	2.15961e-05	200442	19322	19322	181120	14003	8719	8711	2.87684217	5292	0.62206162	6263	5858	5625	22.11117639	638	0.89818465	2963	2960	2842	121	0.95930947	3300	2898	2783	517	0.84330197
19	1	0.0966	2.13742e-05	200511	19369	19369	181142	14037	8739	8731	2.88395874	5306	0.62197677	6279	5867	5630	22.37385694	649	0.89657269	2964	2953	2834	130	0.95597195	3315	2914	2796	519	0.84346276
19	1	0.0968	2.11503e-05	200577	19414	19414	181163	14065	8761	8753	2.88923074	5312	0.62230057	6291	5875	5630	22.80169212	661	0.89494385	2966	2944	2821	145	0.95120530	3325	2931	2809	516	0.84475694
19	1	0.097	2.09484e-05	200625	19460	19460	181165	14090	8786	8778	2.89336307	5312	0.62296903	6304	5893	5647	23.00315774	657	0.89571800	2971	2954	2830	141	0.95270601	3333	2939	2816	517	0.84491951
19	1	0.0972	2.07676e-05	200657	19503	19503	181154	14105	8808	8800	2.89508460	5305	0.62386556	6315	5905	5661	22.88683299	654	0.89641872	2980	2960	2838	142	0.95222552	3335	2945	2823	512	0.84655237
19	1	0.0974	2.06332e-05	200686	19546	19546	181140	14122	8830	8822	2.89734249	5300	0.62467149	6322	5917	5680	22.49226278	642	0.89851051	2980	2963	2845	135	0.95453415	3342	2954	2836	506	0.84855526
19	1	0.0976	2.05023e-05	200719	19590	19590	181129	14142	8848	8840	2.90085086	5302	0.62505943	6334	5927	5691	22.46779623	643	0.89844941	2985	2959	2841	144	0.95178178	3349	2968	2850	499	0.85091368
19	1	0.0978	2.03382e-05	200764	19634	19634	181130	14166	8868	8860	2.90523366	5306	0.62541049	6348	5943	5708	22.41325015	640	0.89911933	2991	2966	2849	142	0.95236463	3357	2977	2859	498	0.85167915
19	1	0.098	2.02109e-05	200798	19673	19673	181125	14181	8882	8874	2.90780739	5307	0.62573514	6357	5953	5721	22.23206353	636	0.89997818	2989	2973	2857	132	0.95591066	3368	2980	2864	504	0.85033977
19	1	0.0982	2.00603e-05	200831	19718	19718	181113	14198	8908	8900	2.90960261	5298	0.62681643	6367	5974	5751	21.80567022	616	0.90325173	2991	2990	2878	113	0.96235035	3376	2984	2873	503	0.85089273
19	1	0.0984	1.98596e-05	200884	19766	19766	181118	14225	8933	8925	2.91424578	5300	0.62738226	6385	5992	5771	21.60140838	614	0.90388756	3002	3003	2892	110	0.96349208	3383	2989	2879	504	0.85099581
19	1	0.0986	1.97132e-05	200920	19810	19810	181110	14243	8954	8945	2.91685403	5298	0.62806274	6396	6005	5782	21.80610974	614	0.90402416	3007	3005	2893	114	0.96224692	3389	3000	2889	500	0.85236414
19	1	0.0988	1.95203e-05	200972	19856	19856	181116	14272	8970	8961	2.92304897	5311	0.62790509	6412	6016	5789	22.08075222	623	0.90278418	3020	3007	2893	127	0.95806751	3392	3009	2895	497	0.85356377
19	1	0.099	1.93776e-05	201013	19900	19900	181113	14293	8994	8985	2.92614215	5308	0.62866042	6423	6028	5804	21.86471128	619	0.90360957	3017	3010	2898	119	0.96058696	3406	3018	2906	500	0.85313959
19	1	0.0992	1.92219e-05	201065	19943	19943	181122	14319	9019	9010	2.93049543	5309	0.62926307	6438	6050	5828	21.88141083	610	0.90525674	3020	3026	2915	105	0.96522675	3418	3024	2913	505	0.85226979
19	1	0.0994	1.91092e-05	201089	19988	19988	181101	14327	9041	9032	2.93020566	5295	0.63044738	6442	6059	5843	21.48023067	599	0.90707710	3020	3022	2914	106	0.96505372	3422	3037	2929	493	0.85591130
19	1	0.0996	1.89162e-05	201143	20033	20033	181110	14356	9062	9053	2.93583436	5303	0.63063435	6459	6074	5847	22.32615568	612	0.90522455	3025	3030	2917	108	0.96419322	3434	3044	2930	504	0.85327924
19	1	0.0998	1.87493e-05	201182	20077	20077	181105	14375	9082	9073	2.93880555	5302	0.63119091	6471	6083	5853	22.50757470	618	0.90454347	3028	3027	2913	115	0.96192137	3443	3056	2941	502	0.85408157
19	1	0.1	1.85844e-05	201226	20122	20122	181104	14396	9107	9098	2.94174986	5298	0.63200556	6482	6100	5872	22.48471530	610	0.90591304	3028	3037	2924	104	0.96550521	3454	3063	2949	505	0.85367068
